MAX_CAT: MDT
RAMP_UP: 4
RAMP_DOWN: -2
RAMP_CAT: both
SEASON: Winter
REGION: Northeast
PPH_CAT: HIGH
PPH_NUM: 87.55543546901671
REPORT_NUM: 134
TOR_NUM: 5
WIND_NUM: 129
HAIL_NUM: 0
TOR_F: (E)F2
WINDSP_CAT: sig_severe
WINDSP_NUM: 72.0
HAILSZ_CAT: NONE
HAILSZ_NUM: 0.0
NEIGH_NUM: 0.0010200615384615384
RMSE_NUM: 0.01320329723746945
BS_NUM: 0.004215880893300247
