MAX_CAT: HIGH
RAMP_UP: 2
RAMP_DOWN: 0
RAMP_CAT: up
SEASON: Spring
PPH_CAT: HIGH
PPH_NUM: 79.87378816198846
REPORT_NUM: 150
TOR_NUM: 38
WIND_NUM: 65
HAIL_NUM: 47
TOR_F: (E)F4
WINDSP_CAT: sig_severe
WINDSP_NUM: 91.0
HAILSZ_CAT: sig_severe
HAILSZ_NUM: 2.75
NEIGH_NUM: 0.0006810481389578162
RMSE_NUM: 0.010742542641833608
BS_NUM: 0.004961124896608768
REGION_M: South
LAT_NUM: 34.767086029052734
LON_NUM: -86.23005676269531
PPH_D_CAT: MDT
PPH_D_NUM: 45.8521792088697
POD_NUM: 0.236713965110392
FAR_NUM: 0.7825293755830226
POD_H_NUM: 0.13053677228127
FAR_H_NUM: 0.8328100453540384
POD_W_NUM: 0.2543099418297598
FAR_W_NUM: 0.7970931315188087
POD_T_NUM: 0.10472756880516151
FAR_T_NUM: 0.8661619154679921
E_SH_NUM: 131204.4925007406
N_SH_NUM: 8401.837328601918
DIV_NUM: -0.04638518031842589
E_SH_W_NUM: 139340.57055536774
N_SH_W_NUM: 25737.35464212518
DIV_W_NUM: -0.10943717995356331
E_SH_H_NUM: 246394.4116166884
N_SH_H_NUM: 71575.44256863098
DIV_H_NUM: 0.1369050636020457
E_SH_T_NUM: 146049.79143122412
N_SH_T_NUM: -27428.71947738622
DIV_T_NUM: 0.32353717372501023
PC_W_NUM: 0.9913413724581945
PC_H_NUM: 0.9934636744679283
PC_T_NUM: 0.9955703826832647
PC_NUM: 0.990770956485048
POFD_W_NUM: 0.00498266030675099
POFD_H_NUM: 0.0028087795183065257
POFD_T_NUM: 0.0019139548350965096
POFD_NUM: 0.004895319320870456
DFR_W_NUM: 0.0037238575332268885
DFR_H_NUM: 0.003752227317656809
DFR_T_NUM: 0.002526619443609535
DFR_NUM: 0.004388997490755208
CSI_W_NUM: 0.12721709156113453
CSI_H_NUM: 0.07910205111398391
CSI_T_NUM: 0.06242080774179128
CSI_NUM: 0.1278309762233376
Bias_W_NUM: 1.2533333333333332
Bias_H_NUM: 0.7807692307692308
Bias_T_NUM: 0.782494528155889
Bias_NUM: 1.0884870807034495
ETS_W_NUM: 0.12721407411942875
ETS_H_NUM: 0.07909927893845971
ETS_T_NUM: 0.06241655821687557
ETS_NUM: 0.12782852108191692
TSS_W_NUM: 0.24932728152300876
TSS_H_NUM: 0.12772799276296348
TSS_T_NUM: 0.10281361397006501
TSS_NUM: 0.23181864578952155
