
Cluster 0:
MAX_CAT: 4.07905138339921
RAMP_UP: 1.865612648221344
RAMP_DOWN: -0.06324110671936758
SEASON: 1.2648221343873518
REPORT_NUM: 237.9486166007905
TOR_NUM: 30.766798418972332
WIND_NUM: 124.06719367588933
HAIL_NUM: 83.11462450592886
TOR_F: 3.0948616600790513
WINDSP_NUM: 77.92988142292491
HAILSZ_NUM: 3.1419367588932805
NEIGH_NUM: 0.0013760378392098785
RMSE_NUM: 0.0163454961775077
BS_NUM: 0.006751400334121232
LAT_NUM: 37.03741562130894
LON_NUM: -91.68939652273306
PPH_D_NUM: 61.59953364513956
POD_NUM: 0.22464645206249562
FAR_NUM: 0.6953042190669958
POD_H_NUM: 0.19467397436856806
FAR_H_NUM: 0.8429395826888918
POD_W_NUM: 0.20116020820414504
FAR_W_NUM: 0.7841991110655223
POD_T_NUM: 0.0733932703004244
FAR_T_NUM: 0.8903989671703784
FART_NUM: 0.004869522236373423
HR_NUM: 0.3046957809330042
FART_H_NUM: 0.004886102428261857
HR_H_NUM: 0.14915527897118733
FART_W_NUM: 0.0047047631040678705
HR_W_NUM: 0.2158008889344777
FART_T_NUM: 0.001150451397761419
HR_T_NUM: 0.10960103282962165
E_SH_NUM: 14217.357164943624
N_SH_NUM: 4407.954567450298
DIV_NUM: -0.02190895732345607
E_SH_W_NUM: 29412.686098618968
N_SH_W_NUM: 1981.464645393409
DIV_W_NUM: -0.24149511714793317
E_SH_H_NUM: -74806.36268180251
N_SH_H_NUM: 18983.023557195233
DIV_H_NUM: -0.6477689308149598
E_SH_T_NUM: 33203.846931243424
N_SH_T_NUM: 18985.851480372825
DIV_T_NUM: 0.40796861457007577
Cluster 1:
MAX_CAT: 4.020618556701031
RAMP_UP: 1.9175257731958764
RAMP_DOWN: -0.2268041237113402
SEASON: 1.556701030927835
REPORT_NUM: 263.50515463917526
TOR_NUM: 16.61855670103093
WIND_NUM: 172.71134020618555
HAIL_NUM: 74.17525773195877
TOR_F: 2.247422680412371
WINDSP_NUM: 77.5979381443299
HAILSZ_NUM: 2.9716494845360826
NEIGH_NUM: 0.0019773070223495608
RMSE_NUM: 0.01969545225863669
BS_NUM: 0.007772540823548472
LAT_NUM: 38.69518184560493
LON_NUM: -89.98679867174641
PPH_D_NUM: 68.69308963113217
POD_NUM: 0.1989761983867681
FAR_NUM: 0.6481640533561202
POD_H_NUM: 0.16386761418860432
FAR_H_NUM: 0.8066212576776918
POD_W_NUM: 0.1850675339700838
FAR_W_NUM: 0.7118410499142808
POD_T_NUM: 0.02977559324982006
FAR_T_NUM: 0.8932108563963456
FART_NUM: 0.004384906775626985
HR_NUM: 0.31059883324181803
FART_H_NUM: 0.004332836996877386
HR_H_NUM: 0.13152307221921536
FART_W_NUM: 0.004427132010005486
HR_W_NUM: 0.24692183668365744
FART_T_NUM: 0.0006089033633734092
HR_T_NUM: 0.06555203020159268
E_SH_NUM: 22974.861714694573
N_SH_NUM: -38221.28610100384
DIV_NUM: -0.008839483084790526
E_SH_W_NUM: 32586.729262918478
N_SH_W_NUM: -44715.65832968368
DIV_W_NUM: -0.11658596795494519
E_SH_H_NUM: -61641.55725536663
N_SH_H_NUM: 10361.698776838384
DIV_H_NUM: -0.735546828537112
E_SH_T_NUM: 4959.713204788797
N_SH_T_NUM: -28367.3986056522
DIV_T_NUM: -0.6760904005662159