MAX_CAT: HIGH
RAMP_UP: 2
RAMP_DOWN: 0
RAMP_CAT: up
SEASON: Spring
PPH_CAT: HIGH
PPH_NUM: 75.27237425016976
REPORT_NUM: 166
TOR_NUM: 48
WIND_NUM: 74
HAIL_NUM: 44
TOR_F: (E)F2
WINDSP_CAT: sig_severe
WINDSP_NUM: 74.0
HAILSZ_CAT: sig_severe
HAILSZ_NUM: 2.5
NEIGH_NUM: 0.0006081058726220016
RMSE_NUM: 0.01000503847082133
BS_NUM: 0.005210918114143921
REGION_M: South
LAT_NUM: 32.02779769897461
LON_NUM: -89.86639404296875
PPH_D_CAT: HIGH
PPH_D_NUM: 60.344748129997704
POD_NUM: 0.21879899700009606
FAR_NUM: 0.7541107619201358
POD_H_NUM: 0.18615630232449112
FAR_H_NUM: 0.9395432847660651
POD_W_NUM: 0.23084310152880155
FAR_W_NUM: 0.7804569104341468
POD_T_NUM: 0.12301725826705054
FAR_T_NUM: 0.820241617525911
E_SH_NUM: 79912.03285156032
N_SH_NUM: -122922.66491858986
DIV_NUM: -0.12991920443323274
E_SH_W_NUM: -10957.844916373331
N_SH_W_NUM: -118543.86585327775
DIV_W_NUM: -0.2698593910633736
E_SH_H_NUM: 51238.47117069373
N_SH_H_NUM: 92192.15718134961
DIV_H_NUM: -2.4073285351990044
E_SH_T_NUM: 216898.14500446274
N_SH_T_NUM: -106869.32711171136
DIV_T_NUM: 0.2356272792109919
PC_W_NUM: 0.9910582846822098
PC_H_NUM: 0.9926414807701883
PC_T_NUM: 0.9945275093267634
PC_NUM: 0.9899837064440082
POFD_W_NUM: 0.004641712618203417
POFD_H_NUM: 0.005754371684420041
POFD_T_NUM: 0.002143906187289578
POFD_NUM: 0.004660349951387992
DFR_W_NUM: 0.0043518466610676446
DFR_H_NUM: 0.0016255065074535174
DFR_T_NUM: 0.003345452519854483
DFR_NUM: 0.005421359423214997
CSI_W_NUM: 0.1267931541264357
CSI_H_NUM: 0.04781808546660446
CSI_T_NUM: 0.07879001462119592
CSI_NUM: 0.13093672633258346
Bias_W_NUM: 1.051470588235294
Bias_H_NUM: 3.079166666666667
Bias_T_NUM: 0.6843478260869565
Bias_NUM: 0.8898274634086696
ETS_W_NUM: 0.1267907004394245
ETS_H_NUM: 0.04780770313850404
ETS_T_NUM: 0.07878711047888413
ETS_NUM: 0.13093489017537147
TSS_W_NUM: 0.22620138891059816
TSS_H_NUM: 0.18040193064007112
TSS_T_NUM: 0.12087335207976097
TSS_NUM: 0.21413864704870805
