MAX_CAT: HIGH
RAMP_UP: 2
RAMP_DOWN: 0
RAMP_CAT: up
SEASON: Spring
PPH_CAT: HIGH
PPH_NUM: 79.61248827319194
REPORT_NUM: 166
TOR_NUM: 48
WIND_NUM: 74
HAIL_NUM: 44
TOR_F: (E)F2
WINDSP_CAT: sig_severe
WINDSP_NUM: 74.0
HAILSZ_CAT: sig_severe
HAILSZ_NUM: 2.5
NEIGH_NUM: 0.0006081058726220016
RMSE_NUM: 0.009256801761547334
BS_NUM: 0.005210918114143921
REGION_M: South
LAT_NUM: 32.7220458984375
LON_NUM: -88.9737548828125
PPH_D_CAT: HIGH
PPH_D_NUM: 60.344748129997704
POD_NUM: 0.22983841796406287
FAR_NUM: 0.6902447197249827
POD_H_NUM: 0.18615630232449112
FAR_H_NUM: 0.9395432847660651
POD_W_NUM: 0.23084310152880155
FAR_W_NUM: 0.7804569104341468
POD_T_NUM: 0.1311482344650645
FAR_T_NUM: 0.8250245918826967
E_SH_NUM: 113454.17366905173
N_SH_NUM: -117674.70338852533
DIV_NUM: -0.24407952596280336
E_SH_W_NUM: -10957.844916373331
N_SH_W_NUM: -118543.86585327775
DIV_W_NUM: -0.2698593910633736
E_SH_H_NUM: 51238.47117069373
N_SH_H_NUM: 92192.15718134961
DIV_H_NUM: -2.4073285351990044
E_SH_T_NUM: 186255.59621665013
N_SH_T_NUM: -90732.08243134324
DIV_T_NUM: 0.16650608496260005
PC_W_NUM: 0.9910582846822098
PC_H_NUM: 0.9926414807701883
PC_T_NUM: 0.9948334534073668
PC_NUM: 0.9893935222161135
POFD_W_NUM: 0.004641712618203417
POFD_H_NUM: 0.005754371684420041
POFD_T_NUM: 0.0021556917457227166
POFD_NUM: 0.004271572827655856
DFR_W_NUM: 0.0043518466610676446
DFR_H_NUM: 0.0016255065074535174
DFR_T_NUM: 0.0030262232970934486
DFR_NUM: 0.006409573911316242
CSI_W_NUM: 0.1267931541264357
CSI_H_NUM: 0.04781808546660446
CSI_T_NUM: 0.08103695859368365
CSI_NUM: 0.1519932927105674
Bias_W_NUM: 1.051470588235294
Bias_H_NUM: 3.079166666666667
Bias_T_NUM: 0.7495238095238095
Bias_NUM: 0.742
ETS_W_NUM: 0.1267907004394245
ETS_H_NUM: 0.04780770313850404
ETS_T_NUM: 0.08103360592878242
ETS_NUM: 0.15199191601032802
TSS_W_NUM: 0.22620138891059816
TSS_H_NUM: 0.18040193064007112
TSS_T_NUM: 0.12899254271934177
TSS_NUM: 0.225566845136407
