MAX_CAT: MDT
RAMP_UP: 2
RAMP_DOWN: 0
RAMP_CAT: up
SEASON: Spring
REGION: South
PPH_CAT: HIGH
PPH_NUM: 99.87817070694021
REPORT_NUM: 1236
TOR_NUM: 52
WIND_NUM: 1095
HAIL_NUM: 89
TOR_F: (E)F2
WINDSP_CAT: sig_severe
WINDSP_NUM: 91.0
HAILSZ_CAT: sig_severe
HAILSZ_NUM: 2.75
NEIGH_NUM: 0.013979831265508688
RMSE_NUM: 0.06513962084576001
BS_NUM: 0.02344747725392887
