
Cluster 0:
MAX_CAT: 4.046875
RAMP_UP: 1.859375
RAMP_DOWN: -0.109375
SEASON: 1.125
REPORT_NUM: 214.1875
TOR_NUM: 29.96875
WIND_NUM: 127.0
HAIL_NUM: 57.21875
TOR_F: 2.890625
WINDSP_NUM: 76.515625
HAILSZ_NUM: 2.65234375
NEIGH_NUM: 0.0014777666273779984
RMSE_NUM: 0.01587082825941672
BS_NUM: 0.0062928957299421
LAT_NUM: 37.987439692020416
LON_NUM: -88.81732559204102
PPH_D_NUM: 59.68154374270982
POD_NUM: 0.2061923912865959
FAR_NUM: 0.7013109988251909
POD_H_NUM: 0.16031339885367185
FAR_H_NUM: 0.8599917131966396
POD_W_NUM: 0.19068851283182922
FAR_W_NUM: 0.7752920963313252
POD_T_NUM: 0.056226200077036555
FAR_T_NUM: 0.9004532232805595
FART_NUM: 0.004218698334609408
HR_NUM: 0.298689001174809
FART_H_NUM: 0.0038632599280072843
HR_H_NUM: 0.12438328680336055
FART_W_NUM: 0.00412947170096091
HR_W_NUM: 0.22470790366867466
FART_T_NUM: 0.0009454269579000996
HR_T_NUM: 0.0995467767194404
E_SH_NUM: 83716.67479221264
N_SH_NUM: 179516.34079843934
DIV_NUM: 0.055974815062486805
E_SH_W_NUM: 99823.41167698038
N_SH_W_NUM: 159384.99080552167
DIV_W_NUM: -0.164123047102385
E_SH_H_NUM: -27130.951433151135
N_SH_H_NUM: 158453.22775522975
DIV_H_NUM: -0.7565252301422694
E_SH_T_NUM: 42729.73979541009
N_SH_T_NUM: 140477.12427906157
DIV_T_NUM: 0.28708628948245596
Cluster 1:
MAX_CAT: 4.08029197080292
RAMP_UP: 1.8686131386861313
RAMP_DOWN: -0.13138686131386862
SEASON: 1.364963503649635
REPORT_NUM: 283.5036496350365
TOR_NUM: 29.970802919708028
WIND_NUM: 165.77372262773721
HAIL_NUM: 87.75912408759125
TOR_F: 2.854014598540146
WINDSP_NUM: 79.1094890510949
HAILSZ_NUM: 3.1635766423357663
NEIGH_NUM: 0.0018579317321548246
RMSE_NUM: 0.018778797625570977
BS_NUM: 0.0077678609938840685
LAT_NUM: 36.88253471553338
LON_NUM: -90.41920284765787
PPH_D_NUM: 67.0248453951261
POD_NUM: 0.21414884627122754
FAR_NUM: 0.6617556595518872
POD_H_NUM: 0.18662674999696952
FAR_H_NUM: 0.8239691575321568
POD_W_NUM: 0.19238261586587946
FAR_W_NUM: 0.7378779673378969
POD_T_NUM: 0.06406528196259464
FAR_T_NUM: 0.8803397845208888
FART_NUM: 0.004569684935675726
HR_NUM: 0.32364580030212736
FART_H_NUM: 0.004760355093975291
HR_H_NUM: 0.14683376217587243
FART_W_NUM: 0.004466286392664199
HR_W_NUM: 0.24752349251611766
FART_T_NUM: 0.0010476165989393481
HR_T_NUM: 0.10506167533312578
E_SH_NUM: 102010.80326952472
N_SH_NUM: -61896.25875539882
DIV_NUM: 0.061024106854389346
E_SH_W_NUM: 98235.12033216549
N_SH_W_NUM: -56823.393468618204
DIV_W_NUM: -0.032455498725984445
E_SH_H_NUM: -31646.990811919597
N_SH_H_NUM: -14675.385844076984
DIV_H_NUM: -0.7529722534553904
E_SH_T_NUM: 89595.90038929306
N_SH_T_NUM: -36458.36376312776
DIV_T_NUM: 0.04871527860950455
Cluster 2:
MAX_CAT: 4.053691275167785
RAMP_UP: 1.8993288590604027
RAMP_DOWN: -0.087248322147651
SEASON: 1.4228187919463087
REPORT_NUM: 222.90604026845637
TOR_NUM: 22.630872483221477
WIND_NUM: 116.12751677852349
HAIL_NUM: 84.14765100671141
TOR_F: 2.8523489932885906
WINDSP_NUM: 77.23664429530201
HAILSZ_NUM: 3.221476510067114
NEIGH_NUM: 0.0012806888794000256
RMSE_NUM: 0.016492893414035658
BS_NUM: 0.00667851316468766
LAT_NUM: 37.85097580468094
LON_NUM: -92.98253129792694
PPH_D_NUM: 62.05294689781491
POD_NUM: 0.2255136821062254
FAR_NUM: 0.6928822235978043
POD_H_NUM: 0.19677685782095647
FAR_H_NUM: 0.82941430999017
POD_W_NUM: 0.2032523508448609
FAR_W_NUM: 0.7835099412803064
POD_T_NUM: 0.06094838588881953
FAR_T_NUM: 0.897159966410964
FART_NUM: 0.0051092721707095105
HR_NUM: 0.29369495761024966
FART_H_NUM: 0.005080884696511912
HR_H_NUM: 0.15045146182191066
FART_W_NUM: 0.004990398964048388
HR_W_NUM: 0.20306723992774722
FART_T_NUM: 0.000980516983359481
HR_T_NUM: 0.08941721479708958
E_SH_NUM: -90656.33748704956
N_SH_NUM: -37594.030925120336
DIV_NUM: -0.12310796553764809
E_SH_W_NUM: -62044.21148576998
N_SH_W_NUM: -41959.34771172805
DIV_W_NUM: -0.38561627644325014
E_SH_H_NUM: -126397.4642906842
N_SH_H_NUM: -15588.516606526437
DIV_H_NUM: -0.561468244374436
E_SH_T_NUM: -41125.34393134427
N_SH_T_NUM: -13046.693681378361
DIV_T_NUM: 0.08448171097266381