MAX_CAT: SLGT
RAMP_UP: 2
RAMP_DOWN: 0
RAMP_CAT: up
SEASON: Summer
PPH_CAT: SLGT
PPH_NUM: 25.266177516092448
REPORT_NUM: 56
TOR_NUM: 1
WIND_NUM: 41
HAIL_NUM: 14
TOR_F: (E)F0
WINDSP_CAT: sig_severe
WINDSP_NUM: 70.0
HAILSZ_CAT: severe
HAILSZ_NUM: 1.75
NEIGH_NUM: 0.00032510372208436727
RMSE_NUM: 0.015071537537320377
BS_NUM: 0.004379239040529363
REGION_M: Midwest
LAT_NUM: 45.34004592895508
LON_NUM: -103.74345397949219
PPH_D_CAT: SLGT
PPH_D_NUM: 25.266177516092448
POD_NUM: 0.016646094045741574
FAR_NUM: 0.962894155687511
POD_H_NUM: 0.029505823713843523
FAR_H_NUM: 0.9738693812128323
POD_W_NUM: 0.00846586125683854
FAR_W_NUM: 0.9857583642408323
POD_T_NUM: 0.0
FAR_T_NUM: 0.0
E_SH_NUM: -123679.06492286183
N_SH_NUM: -78758.23039701981
DIV_NUM: -0.20891710901604077
E_SH_W_NUM: 22999.75302938278
N_SH_W_NUM: -113123.40981623196
DIV_W_NUM: -2.1079342136249477
E_SH_H_NUM: -303327.06085865555
N_SH_H_NUM: -43636.8629323734
DIV_H_NUM: -0.4529719104959434
E_SH_T_NUM: -882.892713492722
N_SH_T_NUM: 162.13362957245292
DIV_T_NUM: 0.164665646256261
PC_W_NUM: 0.9929540374702844
PC_H_NUM: 0.9958905111280616
PC_T_NUM: 0.9998345740281224
PC_NUM: 0.9915713016991387
POFD_W_NUM: 0.0026290165746203657
POFD_H_NUM: 0.0021872915822035268
POFD_T_NUM: 0.0
POFD_NUM: 0.002587908240032169
DFR_W_NUM: 0.004440478316467272
DFR_H_NUM: 0.0019308673893398565
DFR_T_NUM: 0.00016542597187758478
DFR_NUM: 0.005871889434030256
CSI_W_NUM: 0.005337941726692983
CSI_H_NUM: 0.014052661796725464
CSI_T_NUM: 0.0
CSI_NUM: 0.01162465133391012
Bias_W_NUM: 0.5944444444444446
Bias_H_NUM: 1.1291666666666667
Bias_T_NUM: 0.0
Bias_NUM: 0.44861111111111096
ETS_W_NUM: 0.005335657546116853
ETS_H_NUM: 0.014045352286340893
ETS_T_NUM: 0.0
ETS_NUM: 0.011623228476624862
TSS_W_NUM: 0.005836844682218176
TSS_H_NUM: 0.027318532131639994
TSS_T_NUM: 0.0
TSS_NUM: 0.014058185805709405
