
Cluster 0:
MAX_CAT: 4.058091286307054
RAMP_UP: 1.8672199170124482
RAMP_DOWN: -0.1078838174273859
SEASON: 1.4315352697095436
REPORT_NUM: 235.1078838174274
TOR_NUM: 24.09128630705394
WIND_NUM: 130.0
HAIL_NUM: 81.01659751037344
TOR_F: 2.8132780082987554
WINDSP_NUM: 77.4035684647303
HAILSZ_NUM: 3.171161825726141
NEIGH_NUM: 0.0014524445751744352
RMSE_NUM: 0.01737858869316802
BS_NUM: 0.007090269658062457
LAT_NUM: 37.562662792984945
LON_NUM: -91.76605761274932
PPH_D_NUM: 63.15550249956949
POD_NUM: 0.21741772758483535
FAR_NUM: 0.6927874217560763
POD_H_NUM: 0.18580853322666482
FAR_H_NUM: 0.8323896549207629
POD_W_NUM: 0.19806672158384328
FAR_W_NUM: 0.7730196934415137
POD_T_NUM: 0.06091583684140959
FAR_T_NUM: 0.8932200637197464
FART_NUM: 0.005055378464562778
HR_NUM: 0.2906150678704797
FART_H_NUM: 0.005028421968831178
HR_H_NUM: 0.13856470192571022
FART_W_NUM: 0.004935044441123015
HR_W_NUM: 0.21038279618504235
FART_T_NUM: 0.00100081464589602
HR_T_NUM: 0.09018242590680954
E_SH_NUM: -21602.689924136197
N_SH_NUM: -58649.41337805982
DIV_NUM: -0.038186769982482195
E_SH_W_NUM: -6154.134008457216
N_SH_W_NUM: -56316.13182362874
DIV_W_NUM: -0.23042702549482824
E_SH_H_NUM: -89268.8869905744
N_SH_H_NUM: -18851.250006351005
DIV_H_NUM: -0.7007401593384079
E_SH_T_NUM: 449.0343869060473
N_SH_T_NUM: -31021.945713917015
DIV_T_NUM: 0.04771038153645268
Cluster 1:
MAX_CAT: 4.0
RAMP_UP: 2.0
RAMP_DOWN: -0.3333333333333333
SEASON: 1.0
REPORT_NUM: 33.166666666666664
TOR_NUM: 6.0
WIND_NUM: 15.833333333333334
HAIL_NUM: 11.333333333333334
TOR_F: 1.1666666666666667
WINDSP_NUM: 66.0
HAILSZ_NUM: 1.875
NEIGH_NUM: 0.0008276623545629998
RMSE_NUM: 0.0131218688493607
BS_NUM: 0.0030898924731182793
LAT_NUM: 38.212443033854164
LON_NUM: -92.94303131103516
PPH_D_NUM: 23.532172639092853
POD_NUM: 0.20155448717948718
FAR_NUM: 0.9296877220832928
POD_H_NUM: 0.200218253968254
FAR_H_NUM: 0.9706514105030051
POD_W_NUM: 0.17666666666666664
FAR_W_NUM: 0.960739807945811
POD_T_NUM: 0.03631944444444444
FAR_T_NUM: 0.9828323457038834
FART_NUM: 0.0053750491601467455
HR_NUM: 0.07031227791670731
FART_H_NUM: 0.004651422740941122
HR_H_NUM: 0.029348589496995023
FART_W_NUM: 0.0051021980783779895
HR_W_NUM: 0.0392601920541889
FART_T_NUM: 0.0010309978157309425
HR_T_NUM: 0.017167654296116695
E_SH_NUM: -98155.88309895452
N_SH_NUM: 132994.55677935752
DIV_NUM: -3.500276254269204
E_SH_W_NUM: -58572.03151994857
N_SH_W_NUM: 71586.76259086611
DIV_W_NUM: -3.6945132835523484
E_SH_H_NUM: -69668.5465351513
N_SH_H_NUM: 199861.7763644841
DIV_H_NUM: -3.8371764487893576
E_SH_T_NUM: -60756.36740903079
N_SH_T_NUM: 55804.27351558845
DIV_T_NUM: 0.3327085563603551
Cluster 2:
MAX_CAT: 4.077669902912621
RAMP_UP: 1.9029126213592233
RAMP_DOWN: -0.0970873786407767
SEASON: 1.1650485436893203
REPORT_NUM: 280.59223300970876
TOR_NUM: 34.50485436893204
WIND_NUM: 162.3009708737864
HAIL_NUM: 83.7864077669903
TOR_F: 3.0679611650485437
WINDSP_NUM: 79.54368932038835
HAILSZ_NUM: 2.9869902912621358
NEIGH_NUM: 0.0017954489101319395
RMSE_NUM: 0.017270857415995627
BS_NUM: 0.007133460213447686
LAT_NUM: 37.30118834856644
LON_NUM: -89.83357979487447
PPH_D_NUM: 66.85672396319731
POD_NUM: 0.21873052761461798
FAR_NUM: 0.6431454914930042
POD_H_NUM: 0.1860826025253068
FAR_H_NUM: 0.82598214675829
POD_W_NUM: 0.19466993756350087
FAR_W_NUM: 0.7319298249920652
POD_T_NUM: 0.06367084063877226
FAR_T_NUM: 0.8810617702317383
FART_NUM: 0.003948821146774597
HR_NUM: 0.35685450850699596
FART_H_NUM: 0.00404573662246015
HR_H_NUM: 0.1643091153776324
FART_W_NUM: 0.0038813395293086296
HR_W_NUM: 0.2680701750079348
FART_T_NUM: 0.0009975292555877016
HR_T_NUM: 0.11893822976826178
E_SH_NUM: 112822.68465404525
N_SH_NUM: 104313.48579809534
DIV_NUM: 0.23110944688674134
E_SH_W_NUM: 120746.6097729279
N_SH_W_NUM: 90354.94069179168
DIV_W_NUM: 0.05138727490787302
E_SH_H_NUM: -28868.23076045886
N_SH_H_NUM: 88852.13917152821
DIV_H_NUM: -0.42070043466982726
E_SH_T_NUM: 88718.31428814493
N_SH_T_NUM: 89254.81588103427
DIV_T_NUM: 0.2343770615811552