
Cluster 0:
MAX_CAT: 4.062857142857143
RAMP_UP: 1.88
RAMP_DOWN: -0.10857142857142857
SEASON: 1.3457142857142856
REPORT_NUM: 245.03142857142856
TOR_NUM: 26.845714285714287
WIND_NUM: 137.54857142857142
HAIL_NUM: 80.63714285714286
TOR_F: 2.86
WINDSP_NUM: 77.83788571428572
HAILSZ_NUM: 3.094742857142857
NEIGH_NUM: 0.001542675298537162
RMSE_NUM: 0.017273912577134877
BS_NUM: 0.007034402126905351
LAT_NUM: 37.49685368918526
LON_NUM: -91.21753368974534
PPH_D_NUM: 63.56546201840036