
Cluster 0:
MAX_CAT: 4.06145251396648
RAMP_UP: 1.899441340782123
RAMP_DOWN: -0.0893854748603352
SEASON: 1.4078212290502794
REPORT_NUM: 216.9217877094972
TOR_NUM: 23.960893854748605
WIND_NUM: 105.70391061452514
HAIL_NUM: 87.25698324022346
TOR_F: 2.8268156424581004
WINDSP_NUM: 77.87296089385475
HAILSZ_NUM: 3.375698324022346
NEIGH_NUM: 0.0012502120694419417
RMSE_NUM: 0.016258397679484515
BS_NUM: 0.006694103534478376
LAT_NUM: 38.90721185192392
LON_NUM: -96.62974243691748
PPH_D_NUM: 59.36378347827114
POD_NUM: 0.2126673912320135
FAR_NUM: 0.7164206940314258
POD_H_NUM: 0.2057889619598677
FAR_H_NUM: 0.8254375492768525
POD_W_NUM: 0.1784101606961039
FAR_W_NUM: 0.8123711537876861
POD_T_NUM: 0.056248657160451736
FAR_T_NUM: 0.9050054334259661
FART_NUM: 0.004976785380656198
HR_NUM: 0.2779927137898031
FART_H_NUM: 0.005064750221174156
HR_H_NUM: 0.1578026741868345
FART_W_NUM: 0.00469749234428877
HR_W_NUM: 0.18204225403354315
FART_T_NUM: 0.0009277849209397927
HR_T_NUM: 0.08940797439526298
Cluster 1:
MAX_CAT: 4.064327485380117
RAMP_UP: 1.8596491228070176
RAMP_DOWN: -0.1286549707602339
SEASON: 1.280701754385965
REPORT_NUM: 274.4561403508772
TOR_NUM: 29.86549707602339
WIND_NUM: 170.8830409356725
HAIL_NUM: 73.70760233918129
TOR_F: 2.8947368421052633
WINDSP_NUM: 77.80116959064327
HAILSZ_NUM: 2.800643274853801
NEIGH_NUM: 0.0018488210178824508
RMSE_NUM: 0.018336936943681163
BS_NUM: 0.007390621121317216
LAT_NUM: 36.02051385801438
LON_NUM: -85.55212219416747
PPH_D_NUM: 67.96371031479295
POD_NUM: 0.22262444786431274
FAR_NUM: 0.6464595109232067
POD_H_NUM: 0.16556403450716975
FAR_H_NUM: 0.8406588017220415
POD_W_NUM: 0.21584599243359193
FAR_W_NUM: 0.7136638620658865
POD_T_NUM: 0.06659777952935121
FAR_T_NUM: 0.8767042057386157
FART_NUM: 0.0044823421046832415
HR_NUM: 0.33599662942767056
FART_H_NUM: 0.004385256219047848
HR_H_NUM: 0.13010143219608714
FART_W_NUM: 0.004554887372350955
HR_W_NUM: 0.26879227828499075
FART_T_NUM: 0.0010763411054540166
HR_T_NUM: 0.10575193461226133