
Cluster 0:
MAX_CAT: 4.0
RAMP_UP: 2.0
RAMP_DOWN: 0.0
SEASON: 1.0
REPORT_NUM: 253.42857142857142
TOR_NUM: 24.428571428571427
WIND_NUM: 80.28571428571429
HAIL_NUM: 148.71428571428572
TOR_F: 3.7142857142857144
WINDSP_NUM: 81.0
HAILSZ_NUM: 3.5357142857142856
NEIGH_NUM: 0.0010703834574028125
RMSE_NUM: 0.014063146627128018
BS_NUM: 0.006670289495450785
LAT_NUM: 39.51968928745815
LON_NUM: -99.5844257899693
PPH_D_NUM: 60.98655168158401
Cluster 1:
MAX_CAT: 4.0
RAMP_UP: 2.0
RAMP_DOWN: 0.0
SEASON: 1.0
REPORT_NUM: 164.66666666666666
TOR_NUM: 9.5
WIND_NUM: 90.5
HAIL_NUM: 64.66666666666667
TOR_F: 2.0
WINDSP_NUM: 76.5
HAILSZ_NUM: 2.7083333333333335
NEIGH_NUM: 0.0009743995809208712
RMSE_NUM: 0.014200028307442525
BS_NUM: 0.006354505100634133
LAT_NUM: 33.19353516896566
LON_NUM: -89.56057230631511
PPH_D_NUM: 60.37034621777051
Cluster 2:
MAX_CAT: 5.0
RAMP_UP: 3.0
RAMP_DOWN: 0.0
SEASON: 1.0
REPORT_NUM: 311.42857142857144
TOR_NUM: 60.0
WIND_NUM: 145.57142857142858
HAIL_NUM: 105.85714285714286
TOR_F: 4.714285714285714
WINDSP_NUM: 78.14285714285714
HAILSZ_NUM: 4.0
NEIGH_NUM: 0.0015367381287959352
RMSE_NUM: 0.019199979536505447
BS_NUM: 0.00795210209145693
LAT_NUM: 37.35807146344866
LON_NUM: -93.81602260044643
PPH_D_NUM: 71.40206068373696
Cluster 3:
MAX_CAT: 4.045454545454546
RAMP_UP: 1.8515151515151516
RAMP_DOWN: -0.11515151515151516
SEASON: 1.3666666666666667
REPORT_NUM: 244.9060606060606
TOR_NUM: 26.509090909090908
WIND_NUM: 139.44848484848484
HAIL_NUM: 78.94848484848485
TOR_F: 2.8181818181818183
WINDSP_NUM: 77.78866666666667
HAILSZ_NUM: 3.073212121212121
NEIGH_NUM: 0.0015631518360578493
RMSE_NUM: 0.017357052572748843
BS_NUM: 0.007035021129408225
LAT_NUM: 37.535131075589995
LON_NUM: -91.01506126921232
PPH_D_NUM: 63.51202831083714