
Cluster 0:
MAX_CAT: 4.027522935779817
RAMP_UP: 1.834862385321101
RAMP_DOWN: -0.0856269113149847
SEASON: 1.3363914373088686
REPORT_NUM: 230.2415902140673
TOR_NUM: 23.94495412844037
WIND_NUM: 127.47094801223241
HAIL_NUM: 78.8256880733945
TOR_F: 2.801223241590214
WINDSP_NUM: 77.8662385321101
HAILSZ_NUM: 3.080764525993884
NEIGH_NUM: 0.0014075813930080967
RMSE_NUM: 0.016835727029268395
BS_NUM: 0.006841527939030158
LAT_NUM: 37.46738395340946
LON_NUM: -91.47260671726426
PPH_D_NUM: 62.46630930726908
POD_NUM: 0.2157955163405872
FAR_NUM: 0.004721576138526864
POD_H_NUM: 0.1878513158300415
FAR_H_NUM: 0.004734849622839097
POD_W_NUM: 0.19337120034939984
FAR_W_NUM: 0.004583707979715794
POD_T_NUM: 0.0590585773161138
FAR_T_NUM: 0.0009524066053809724
Cluster 1:
MAX_CAT: 4.565217391304348
RAMP_UP: 2.5217391304347827
RAMP_DOWN: -0.43478260869565216
SEASON: 1.4782608695652173
REPORT_NUM: 455.30434782608694
TOR_NUM: 68.08695652173913
WIND_NUM: 280.82608695652175
HAIL_NUM: 106.3913043478261
TOR_F: 3.6956521739130435
WINDSP_NUM: 77.43478260869566
HAILSZ_NUM: 3.2934782608695654
NEIGH_NUM: 0.0034633582162764778
RMSE_NUM: 0.023503767975062692
BS_NUM: 0.009776569928435286
LAT_NUM: 37.91583645434556
LON_NUM: -87.59106064632415
PPH_D_NUM: 79.19254621578852
POD_NUM: 0.2422221639980817
FAR_NUM: 0.004929116771304742
POD_H_NUM: 0.16175190500516412
FAR_H_NUM: 0.004703185929520492
POD_W_NUM: 0.24403047636926406
FAR_W_NUM: 0.005254972214462549
POD_T_NUM: 0.09324239777698724
FAR_T_NUM: 0.0016822117357079035