
Cluster 0:
MAX_CAT: 4.0
RAMP_UP: 1.6666666666666667
RAMP_DOWN: -2.0
SEASON: 2.0
REPORT_NUM: 145.5
TOR_NUM: 10.833333333333334
WIND_NUM: 88.5
HAIL_NUM: 46.166666666666664
TOR_F: 2.1666666666666665
WINDSP_NUM: 80.66666666666667
HAILSZ_NUM: 2.4583333333333335
NEIGH_NUM: 0.0012382075103391232
RMSE_NUM: 0.020712958833212402
BS_NUM: 0.006800603804797353
LAT_NUM: 37.85965919494629
LON_NUM: -94.32307815551758
PPH_D_NUM: 55.30246967226469
POD_NUM: 0.13433091907931147
FAR_NUM: 0.8709743052107238
POD_H_NUM: 0.14827375142020452
FAR_H_NUM: 0.9466511117331974
POD_W_NUM: 0.1253595218946096
FAR_W_NUM: 0.9045318540287502
POD_T_NUM: 0.016555555555555556
FAR_T_NUM: 0.9757175648495681
FART_NUM: 0.0067114283950793
HR_NUM: 0.12902569478927628
FART_H_NUM: 0.006434708196155347
HR_H_NUM: 0.05334888826680275
FART_W_NUM: 0.006773254071331915
HR_W_NUM: 0.09546814597124986
FART_T_NUM: 0.0005851374781729652
HR_T_NUM: 0.024282435150431787
Cluster 1:
MAX_CAT: 4.063953488372093
RAMP_UP: 1.8837209302325582
RAMP_DOWN: -0.0755813953488372
SEASON: 1.3343023255813953
REPORT_NUM: 246.7674418604651
TOR_NUM: 27.125
WIND_NUM: 138.40406976744185
HAIL_NUM: 81.23837209302326
TOR_F: 2.872093023255814
WINDSP_NUM: 77.78854651162791
HAILSZ_NUM: 3.1058430232558134
NEIGH_NUM: 0.0015479857832150347
RMSE_NUM: 0.017213929212203292
BS_NUM: 0.007038480004616538
LAT_NUM: 37.4905256861778
LON_NUM: -91.16336721650512
PPH_D_NUM: 63.70958397792598
POD_NUM: 0.2189833084327094
FAR_NUM: 0.6789477754890384
POD_H_NUM: 0.18679660343901486
FAR_H_NUM: 0.8308897376297284
POD_W_NUM: 0.19794455331214872
FAR_W_NUM: 0.761696993654331
POD_T_NUM: 0.06208545522647264
FAR_T_NUM: 0.8897037394635287
FART_NUM: 0.004700745676359935
HR_NUM: 0.3094243175342174
FART_H_NUM: 0.004703083877530302
HR_H_NUM: 0.14585444841678333
FART_W_NUM: 0.004590399261254976
HR_W_NUM: 0.2266750993689248
FART_T_NUM: 0.0010076075727087847
HR_T_NUM: 0.09866835355972725