
Cluster 0:
MAX_CAT: 4.0
RAMP_UP: 2.0
RAMP_DOWN: 0.0
SEASON: 1.0
REPORT_NUM: 253.42857142857142
TOR_NUM: 24.428571428571427
WIND_NUM: 80.28571428571428
HAIL_NUM: 148.71428571428572
TOR_F: 3.7142857142857144
WINDSP_NUM: 81.0
HAILSZ_NUM: 3.5357142857142856
NEIGH_NUM: 0.0008782117925085667
RMSE_NUM: 0.014063146627128022
BS_NUM: 0.00628744653196266
LAT_NUM: 39.51968928745815
LON_NUM: -99.5844257899693
PPH_D_NUM: 60.98655168158401
Cluster 1:
MAX_CAT: 4.0
RAMP_UP: 2.0
RAMP_DOWN: 0.0
SEASON: 1.0
REPORT_NUM: 164.66666666666669
TOR_NUM: 9.499999999999996
WIND_NUM: 90.5
HAIL_NUM: 64.66666666666667
TOR_F: 2.0
WINDSP_NUM: 76.5
HAILSZ_NUM: 2.7083333333333335
NEIGH_NUM: 0.0008867943975737526
RMSE_NUM: 0.014200028307442526
BS_NUM: 0.0061339371381306865
LAT_NUM: 33.19353516896566
LON_NUM: -89.56057230631511
PPH_D_NUM: 60.37034621777052
Cluster 2:
MAX_CAT: 4.0
RAMP_UP: 2.0
RAMP_DOWN: 0.0
SEASON: 2.0
REPORT_NUM: 241.83333333333334
TOR_NUM: 10.666666666666668
WIND_NUM: 172.83333333333334
HAIL_NUM: 58.333333333333336
TOR_F: 2.1666666666666665
WINDSP_NUM: 77.5
HAILSZ_NUM: 3.125
NEIGH_NUM: 0.0017665890267438656
RMSE_NUM: 0.025826816768268274
BS_NUM: 0.010171491590846429
LAT_NUM: 40.70125516255697
LON_NUM: -84.1869290669759
PPH_D_NUM: 74.48982548181702
Cluster 3:
MAX_CAT: 5.0
RAMP_UP: 3.0
RAMP_DOWN: 0.0
SEASON: 1.0
REPORT_NUM: 311.42857142857144
TOR_NUM: 60.00000000000001
WIND_NUM: 145.57142857142856
HAIL_NUM: 105.85714285714286
TOR_F: 4.714285714285714
WINDSP_NUM: 78.14285714285714
HAILSZ_NUM: 4.0
NEIGH_NUM: 0.0015379654949781404
RMSE_NUM: 0.019199979536505447
BS_NUM: 0.007763043837882547
LAT_NUM: 37.35807146344866
LON_NUM: -93.81602260044643
PPH_D_NUM: 71.40206068373698