
Cluster 0:
MAX_CAT: 4.06312292358804
RAMP_UP: 1.8837209302325582
RAMP_DOWN: -0.08637873754152824
SEASON: 1.345514950166113
REPORT_NUM: 264.37873754152827
TOR_NUM: 29.17940199335548
WIND_NUM: 144.33554817275748
HAIL_NUM: 90.86378737541528
TOR_F: 2.9667774086378738
WINDSP_NUM: 78.61215946843855
HAILSZ_NUM: 3.297873754152824
NEIGH_NUM: 0.001633838615961683
RMSE_NUM: 0.017641536503713157
BS_NUM: 0.007377620119315542
LAT_NUM: 37.62100609084504
LON_NUM: -91.62078688925823
PPH_D_NUM: 65.41877242407531
POD_NUM: 0.21771305692227882
FAR_NUM: 0.666042403238422
POD_H_NUM: 0.1932622750665749
FAR_H_NUM: 0.816689972830318
POD_W_NUM: 0.19447894473067304
FAR_W_NUM: 0.7571821563574385
POD_T_NUM: 0.06150622813744426
FAR_T_NUM: 0.8870773741739498
FART_NUM: 0.004709515012385985
HR_NUM: 0.32399081935294016
FART_H_NUM: 0.004807715337396568
HR_H_NUM: 0.16337647235240627
FART_W_NUM: 0.004608553394264336
HR_W_NUM: 0.23285106623392365
FART_T_NUM: 0.0010166821372813975
HR_T_NUM: 0.10295584841741233
E_SH_NUM: 9119.199294045138
N_SH_NUM: -6458.952195925651
DIV_NUM: 0.07492452831931137
E_SH_W_NUM: 27191.440838440452
N_SH_W_NUM: -9917.7091953904
DIV_W_NUM: -0.14600114293176658
E_SH_H_NUM: -77302.62213359041
N_SH_H_NUM: 9177.423678950334
DIV_H_NUM: -0.18502519661439484
E_SH_T_NUM: 24410.826481824104
N_SH_T_NUM: 9579.123914712909
DIV_T_NUM: 0.12429372992011611
Cluster 1:
MAX_CAT: 4.061224489795919
RAMP_UP: 1.8571428571428572
RAMP_DOWN: -0.24489795918367346
SEASON: 1.346938775510204
REPORT_NUM: 126.18367346938776
TOR_NUM: 12.510204081632653
WIND_NUM: 95.85714285714286
HAIL_NUM: 17.816326530612244
TOR_F: 2.204081632653061
WINDSP_NUM: 73.08163265306122
HAILSZ_NUM: 1.846938775510204
NEIGH_NUM: 0.00098267206292939
RMSE_NUM: 0.015015651313868297
BS_NUM: 0.0049260630306713245
LAT_NUM: 36.7342032218466
LON_NUM: -88.74040689273757
PPH_D_NUM: 52.180840954968524
POD_NUM: 0.2164206833004483
FAR_NUM: 0.7817370862189507
POD_H_NUM: 0.14236182237761816
FAR_H_NUM: 0.932291726389796
POD_W_NUM: 0.21034532871049458
FAR_W_NUM: 0.8069209770953751
POD_T_NUM: 0.06006847473202436
FAR_T_NUM: 0.9163694313916804
FART_NUM: 0.004893082945104336
HR_NUM: 0.19785475051574317
FART_H_NUM: 0.0042723833977752895
HR_H_NUM: 0.02689194707959167
FART_W_NUM: 0.004746169359717101
HR_W_NUM: 0.17267085963931866
FART_T_NUM: 0.0009001327869216151
HR_T_NUM: 0.06322240534301342
E_SH_NUM: 62870.897174459635
N_SH_NUM: -13226.686433853618
DIV_NUM: -0.5908710017586081
E_SH_W_NUM: 49340.78834863502
N_SH_W_NUM: -17364.853773107647
DIV_W_NUM: -0.5808318266856131
E_SH_H_NUM: -33411.25612358962
N_SH_H_NUM: 62150.71865223808
DIV_H_NUM: -3.6641019935377925
E_SH_T_NUM: 31306.25884571521
N_SH_T_NUM: -16970.072215153577
DIV_T_NUM: 0.004548529088801334