
Cluster 0:
MAX_CAT: 4.241758241758242
RAMP_UP: 2.0
RAMP_DOWN: -0.01098901098901099
SEASON: 1.5274725274725274
REPORT_NUM: 434.5054945054945
TOR_NUM: 42.08791208791209
WIND_NUM: 282.7692307692308
HAIL_NUM: 109.64835164835165
TOR_F: 3.021978021978022
WINDSP_NUM: 83.21934065934066
HAILSZ_NUM: 3.2950549450549453
NEIGH_NUM: 0.003033235632681628
RMSE_NUM: 0.025813691706142266
BS_NUM: 0.010744187640316672
LAT_NUM: 38.2798952794337
LON_NUM: -88.15745972015046
PPH_D_NUM: 80.40729900577307
Cluster 1:
MAX_CAT: 4.0
RAMP_UP: 1.837837837837838
RAMP_DOWN: -0.14285714285714285
SEASON: 1.281853281853282
REPORT_NUM: 178.45945945945945
TOR_NUM: 21.49034749034749
WIND_NUM: 86.52509652509653
HAIL_NUM: 70.44401544401545
TOR_F: 2.8030888030888033
WINDSP_NUM: 75.94710424710425
HAILSZ_NUM: 3.024362934362934
NEIGH_NUM: 0.001018964910864782
RMSE_NUM: 0.014273449639916063
BS_NUM: 0.005730963973544618
LAT_NUM: 37.221730968287154
LON_NUM: -92.29269481419759
PPH_D_NUM: 57.648059833647785