
Cluster 0:
MAX_CAT: 4.138364779874214
RAMP_UP: 1.9056603773584906
RAMP_DOWN: -0.050314465408805034
SEASON: 1.389937106918239
REPORT_NUM: 366.9308176100629
TOR_NUM: 40.886792452830186
WIND_NUM: 222.38364779874215
HAIL_NUM: 103.66037735849056
TOR_F: 3.289308176100629
WINDSP_NUM: 81.75446540880503
HAILSZ_NUM: 3.282452830188679
NEIGH_NUM: 0.0024470267384552966
RMSE_NUM: 0.022689038158271717
BS_NUM: 0.00937430872231846
LAT_NUM: 38.178554870797406
LON_NUM: -89.28457013016227
PPH_D_NUM: 75.48030651284807
POD_NUM: 0.219739180804205
FAR_NUM: 0.5942218101637666
POD_H_NUM: 0.17742490126727842
FAR_H_NUM: 0.8104915712909997
POD_W_NUM: 0.21025321535642902
FAR_W_NUM: 0.6694862647929969
POD_T_NUM: 0.0668783755436982
FAR_T_NUM: 0.8485625541578352
FART_NUM: 0.005141986095807029
HR_NUM: 0.3806209571318308
FART_H_NUM: 0.0053051785900255855
HR_H_NUM: 0.1580618878284972
FART_W_NUM: 0.005238913903115764
HR_W_NUM: 0.3053565025026006
FART_T_NUM: 0.0011721770303798828
HR_T_NUM: 0.1262802131377622
Cluster 1:
MAX_CAT: 4.0
RAMP_UP: 1.8586387434554974
RAMP_DOWN: -0.15706806282722513
SEASON: 1.3089005235602094
REPORT_NUM: 143.55497382198953
TOR_NUM: 15.157068062827225
WIND_NUM: 66.92670157068063
HAIL_NUM: 61.47120418848168
TOR_F: 2.5026178010471205
WINDSP_NUM: 74.57748691099476
HAILSZ_NUM: 2.93848167539267
NEIGH_NUM: 0.0007898382359875108
RMSE_NUM: 0.01276603316665971
BS_NUM: 0.005086521767372975
LAT_NUM: 36.929364223864155
LON_NUM: -92.82664995138778
PPH_D_NUM: 53.646821837158555
POD_NUM: 0.21569483700240472
FAR_NUM: 0.7555110616934803
POD_H_NUM: 0.1933880355499742
FAR_H_NUM: 0.8515068930877318
POD_W_NUM: 0.18541791742971003
FAR_W_NUM: 0.8429457635558946
POD_T_NUM: 0.05666527863765394
FAR_T_NUM: 0.9266541657248976
FART_NUM: 0.004396593161282597
HR_NUM: 0.24448893830652002
FART_H_NUM: 0.004256260247294702
HR_H_NUM: 0.13278630062954566
FART_W_NUM: 0.004119107642430873
HR_W_NUM: 0.15705423644410552
FART_T_NUM: 0.0008573386494788397
HR_T_NUM: 0.0733458342751025