
Cluster 0:
MAX_CAT: 4.174603174603175
RAMP_UP: 1.9682539682539681
RAMP_DOWN: -0.023809523809523808
SEASON: 1.4761904761904763
REPORT_NUM: 393.63492063492066
TOR_NUM: 41.1031746031746
WIND_NUM: 230.92857142857142
HAIL_NUM: 121.60317460317461
TOR_F: 3.3095238095238093
WINDSP_NUM: 82.11873015873014
HAILSZ_NUM: 3.588492063492063
NEIGH_NUM: 0.002604198158467578
RMSE_NUM: 0.024491161385321775
BS_NUM: 0.010169072301652949
LAT_NUM: 38.648859008910165
LON_NUM: -89.7025153750465
PPH_D_NUM: 75.0005400136349
POD_NUM: 0.2184680786662395
FAR_NUM: 0.0059297409560224125
POD_H_NUM: 0.1884494240963763
FAR_H_NUM: 0.006145721148568083
POD_W_NUM: 0.20665363006693602
FAR_W_NUM: 0.006016153661036396
POD_T_NUM: 0.06330492664340842
FAR_T_NUM: 0.0012366295055561871
Cluster 1:
MAX_CAT: 4.0
RAMP_UP: 1.8303571428571428
RAMP_DOWN: -0.15625
SEASON: 1.2723214285714286
REPORT_NUM: 161.44196428571428
TOR_NUM: 18.825892857142858
WIND_NUM: 85.02232142857143
HAIL_NUM: 57.59375
TOR_F: 2.607142857142857
WINDSP_NUM: 75.42991071428571
HAILSZ_NUM: 2.8170089285714286
NEIGH_NUM: 0.0009455686898263028
RMSE_NUM: 0.013214210122529749
BS_NUM: 0.005271150153609831
LAT_NUM: 36.848850696839996
LON_NUM: -92.06973149176342
PPH_D_NUM: 57.133230646080925
POD_NUM: 0.21700565046152556
FAR_NUM: 0.0040632934043726325
POD_H_NUM: 0.18483502971160237
FAR_H_NUM: 0.003937983206820437
POD_W_NUM: 0.19110145572461107
FAR_W_NUM: 0.0038468817366478455
POD_T_NUM: 0.06017995167040383
FAR_T_NUM: 0.0008674665722356258