MAX_CAT: SLGT
RAMP_UP: 1
RAMP_DOWN: 0
RAMP_CAT: up
SEASON: Summer
PPH_CAT: MDT
PPH_NUM: 47.578043165812254
REPORT_NUM: 69
TOR_NUM: 5
WIND_NUM: 25
HAIL_NUM: 39
TOR_F: (E)F2
WINDSP_CAT: sig_severe
WINDSP_NUM: 78.0
HAILSZ_CAT: severe
HAILSZ_NUM: 1.75
NEIGH_NUM: 0.00041942100909842845
RMSE_NUM: 0.010087047918524735
BS_NUM: 0.0039296939619520264
REGION_M: Great Plains
LAT_NUM: 39.24413299560547
LON_NUM: -91.3462142944336
PPH_D_CAT: SLGT
PPH_D_NUM: 29.990292498465333
POD_NUM: 0.053474539854822215
FAR_NUM: 0.8628857952440456
POD_H_NUM: 0.04082789850453642
FAR_H_NUM: 0.8801382796197096
POD_W_NUM: 0.05199124183337296
FAR_W_NUM: 0.9203961847527303
POD_T_NUM: 0.02754784523353499
FAR_T_NUM: 0.8950558276817715
E_SH_NUM: 75850.99213251381
N_SH_NUM: 19235.72824387749
DIV_NUM: 0.06199842034122694
E_SH_W_NUM: 93437.72919270271
N_SH_W_NUM: 47773.483250414996
DIV_W_NUM: 0.03235549513366451
E_SH_H_NUM: 97340.3145590059
N_SH_H_NUM: -31669.830816322446
DIV_H_NUM: 0.03001589057585246
E_SH_T_NUM: 10077.060393344904
N_SH_T_NUM: -54255.57174185252
DIV_T_NUM: 0.2604706334080436
PC_W_NUM: 0.995899705498539
PC_H_NUM: 0.9966677407365003
PC_T_NUM: 0.9992010558745854
PC_NUM: 0.993632501636276
POFD_W_NUM: 0.001595312677171344
POFD_H_NUM: 0.0007956134722055759
POFD_T_NUM: 0.00015557169658431718
POFD_NUM: 0.0016784312226692157
DFR_W_NUM: 0.002513549499244523
DFR_H_NUM: 0.0025410425650797524
DFR_T_NUM: 0.0006435871605598757
DFR_NUM: 0.004706506191363819
CSI_W_NUM: 0.03247151686621446
CSI_H_NUM: 0.031410978265425
CSI_T_NUM: 0.02230681174749188
CSI_NUM: 0.040010116866021864
Bias_W_NUM: 0.653125
Bias_H_NUM: 0.340625
Bias_T_NUM: 0.2625
Bias_NUM: 0.39
ETS_W_NUM: 0.0324674363228603
ETS_H_NUM: 0.03140835389347877
ETS_T_NUM: 0.022298217075910197
ETS_NUM: 0.040008572190850474
TSS_W_NUM: 0.05039592915620163
TSS_H_NUM: 0.04003228503233085
TSS_T_NUM: 0.027392273536950673
TSS_NUM: 0.051796108632153
