MAX_CAT: MDT
RAMP_UP: 4
RAMP_DOWN: -2
RAMP_CAT: both
SEASON: Spring
REGION: South
PPH_CAT: HIGH
PPH_NUM: 95.5526692817063
REPORT_NUM: 392
TOR_NUM: 9
WIND_NUM: 181
HAIL_NUM: 202
TOR_F: (E)F1
WINDSP_CAT: sig_severe
WINDSP_NUM: 75.0
HAILSZ_CAT: sig_severe
HAILSZ_NUM: 4.5
NEIGH_NUM: 0.001564333498759305
RMSE_NUM: 0.019716648828458815
BS_NUM: 0.007865591397849462
