MAX_CAT: MDT
RAMP_UP: 2
RAMP_DOWN: 0
RAMP_CAT: up
SEASON: Spring
REGION: Midwest
PPH_CAT: HIGH
PPH_NUM: 83.28663676620785
REPORT_NUM: 338
TOR_NUM: 41
WIND_NUM: 186
HAIL_NUM: 111
TOR_F: (E)F3
WINDSP_CAT: sig_severe
WINDSP_NUM: 87.0
HAILSZ_CAT: sig_severe
HAILSZ_NUM: 5.9
NEIGH_NUM: 0.001674628949545079
RMSE_NUM: 0.019537075972639203
BS_NUM: 0.009035153019023986
