
Cluster 0:
MAX_CAT: 4.063953488372093
RAMP_UP: 1.877906976744186
RAMP_DOWN: -0.10465116279069768
SEASON: 1.3517441860465116
REPORT_NUM: 248.72674418604652
TOR_NUM: 27.209302325581394
WIND_NUM: 139.67151162790697
HAIL_NUM: 81.84593023255815
TOR_F: 2.88953488372093
WINDSP_NUM: 78.04436046511628
HAILSZ_NUM: 3.1160174418604645
NEIGH_NUM: 0.0015551464545367113
RMSE_NUM: 0.017346331944479775
BS_NUM: 0.007103201713890011
LAT_NUM: 37.48437247968522
LON_NUM: -91.1874378010019
PPH_D_NUM: 64.26371706571386
POD_NUM: 0.2178108043379389
FAR_NUM: 0.677923704264517
POD_H_NUM: 0.1858905946736419
FAR_H_NUM: 0.8304711277674642
POD_W_NUM: 0.19704966125217102
FAR_W_NUM: 0.76071662236508
POD_T_NUM: 0.061740736234224575
FAR_T_NUM: 0.8895796444486277
FART_NUM: 0.004724054616504108
HR_NUM: 0.31044838875873887
FART_H_NUM: 0.00473418769360962
HR_H_NUM: 0.1462730582790474
FART_W_NUM: 0.004619545586713475
HR_W_NUM: 0.2276554706581759
FART_T_NUM: 0.000999830938914169
HR_T_NUM: 0.09879244857462811
E_SH_NUM: 18646.76816177278
N_SH_NUM: -9855.289496827305
DIV_NUM: 0.042445527510337644
E_SH_W_NUM: 31842.309623759837
N_SH_W_NUM: -12400.083948372041
DIV_W_NUM: -0.14604658089750783
E_SH_H_NUM: -71183.80678213864
N_SH_H_NUM: 13397.148497490733
DIV_H_NUM: -0.6168910557312457
E_SH_T_NUM: 26878.49900849792
N_SH_T_NUM: 4991.154414803866
DIV_T_NUM: 0.10360185841030256
Cluster 1:
MAX_CAT: 4.0
RAMP_UP: 2.0
RAMP_DOWN: -0.3333333333333333
SEASON: 1.0
REPORT_NUM: 33.166666666666664
TOR_NUM: 6.0
WIND_NUM: 15.833333333333334
HAIL_NUM: 11.333333333333334
TOR_F: 1.1666666666666667
WINDSP_NUM: 66.0
HAILSZ_NUM: 1.875
NEIGH_NUM: 0.0008276623545629998
RMSE_NUM: 0.0131218688493607
BS_NUM: 0.0030898924731182793
LAT_NUM: 38.212443033854164
LON_NUM: -92.94303131103516
PPH_D_NUM: 23.532172639092853
POD_NUM: 0.20155448717948718
FAR_NUM: 0.9296877220832928
POD_H_NUM: 0.200218253968254
FAR_H_NUM: 0.9706514105030051
POD_W_NUM: 0.17666666666666664
FAR_W_NUM: 0.960739807945811
POD_T_NUM: 0.03631944444444444
FAR_T_NUM: 0.9828323457038834
FART_NUM: 0.0053750491601467455
HR_NUM: 0.07031227791670731
FART_H_NUM: 0.004651422740941122
HR_H_NUM: 0.029348589496995023
FART_W_NUM: 0.0051021980783779895
HR_W_NUM: 0.0392601920541889
FART_T_NUM: 0.0010309978157309425
HR_T_NUM: 0.017167654296116695
E_SH_NUM: -98155.88309895452
N_SH_NUM: 132994.55677935752
DIV_NUM: -3.500276254269204
E_SH_W_NUM: -58572.03151994857
N_SH_W_NUM: 71586.76259086611
DIV_W_NUM: -3.6945132835523484
E_SH_H_NUM: -69668.5465351513
N_SH_H_NUM: 199861.7763644841
DIV_H_NUM: -3.8371764487893576
E_SH_T_NUM: -60756.36740903079
N_SH_T_NUM: 55804.27351558845
DIV_T_NUM: 0.3327085563603551