MAX_CAT: MDT
RAMP_UP: 2
RAMP_DOWN: 0
RAMP_CAT: up
SEASON: Summer
PPH_CAT: MDT
PPH_NUM: 46.69230848489016
REPORT_NUM: 94
TOR_NUM: 18
WIND_NUM: 23
HAIL_NUM: 53
TOR_F: (E)F2
WINDSP_CAT: sig_severe
WINDSP_NUM: 65.0
HAILSZ_CAT: sig_severe
HAILSZ_NUM: 7.0
NEIGH_NUM: 0.00045831000827129854
RMSE_NUM: 0.011431775765192066
BS_NUM: 0.003950785773366419
REGION_M: Great Plains
LAT_NUM: 40.67035675048828
LON_NUM: -97.77886962890625
PPH_D_CAT: ENH
PPH_D_NUM: 39.18829724466843
POD_NUM: 0.16852466087903167
FAR_NUM: 0.8486717330882164
POD_H_NUM: 0.17152233483329368
FAR_H_NUM: 0.8926526884036529
POD_W_NUM: 0.18031137582167125
FAR_W_NUM: 0.9411228160582297
POD_T_NUM: 0.045429080439655496
FAR_T_NUM: 0.9641726494955398
E_SH_NUM: -57731.40203303527
N_SH_NUM: -221410.13390299652
DIV_NUM: -0.4487180901577278
E_SH_W_NUM: -32613.096581960875
N_SH_W_NUM: -121253.53273813265
DIV_W_NUM: -2.8545470543687235
E_SH_H_NUM: -71262.41253942628
N_SH_H_NUM: -272871.11571956443
DIV_H_NUM: -0.6712617974804373
E_SH_T_NUM: -68194.8372320607
N_SH_T_NUM: -297122.37236098445
DIV_T_NUM: -0.30859398576269387
PC_W_NUM: 0.9926513603010291
PC_H_NUM: 0.9914210136314857
PC_T_NUM: 0.9981992209767405
PC_NUM: 0.9903015099450814
POFD_W_NUM: 0.005732846592100108
POFD_H_NUM: 0.005447523463771877
POFD_T_NUM: 0.0010120620195035966
POFD_NUM: 0.005187738887390545
DFR_W_NUM: 0.001637126199831889
DFR_H_NUM: 0.0031714702781732197
DFR_T_NUM: 0.0007903830647530615
DFR_NUM: 0.004566834967085584
CSI_W_NUM: 0.046445805002541425
CSI_H_NUM: 0.07069285314470483
CSI_T_NUM: 0.02043987889873138
CSI_NUM: 0.08664009405739331
Bias_W_NUM: 3.0625000000000004
Bias_H_NUM: 1.5978260869565215
Bias_T_NUM: 1.2680000000000002
Bias_NUM: 1.1136363636363633
ETS_W_NUM: 0.04643543516345106
ETS_H_NUM: 0.0706884514336487
ETS_T_NUM: 0.020421388911546563
ETS_NUM: 0.08663747266640896
TSS_W_NUM: 0.17457852922957115
TSS_H_NUM: 0.1660748113695218
TSS_T_NUM: 0.044417018420151895
TSS_NUM: 0.16333692199164115
