MAX_CAT: MDT
RAMP_UP: 2
RAMP_DOWN: 0
RAMP_CAT: up
SEASON: Summer
REGION: Great Plains
PPH_CAT: MDT
PPH_NUM: 58.939310809425734
REPORT_NUM: 94
TOR_NUM: 18
WIND_NUM: 23
HAIL_NUM: 53
TOR_F: (E)F2
WINDSP_CAT: sig_severe
WINDSP_NUM: 65.0
HAILSZ_CAT: sig_severe
HAILSZ_NUM: 7.0
NEIGH_NUM: 0.0004888542597187758
RMSE_NUM: 0.01086272791949376
BS_NUM: 0.003950785773366419
