MAX_CAT: MDT
RAMP_UP: 2
RAMP_DOWN: 0
RAMP_CAT: up
SEASON: Winter
REGION: Great Plains
PPH_CAT: HIGH
PPH_NUM: 74.72506571863309
REPORT_NUM: 107
TOR_NUM: 20
WIND_NUM: 50
HAIL_NUM: 37
TOR_F: (E)F1
WINDSP_CAT: sig_severe
WINDSP_NUM: 70.0
HAILSZ_CAT: sig_severe
HAILSZ_NUM: 4.5
NEIGH_NUM: 0.0016230272952853604
RMSE_NUM: 0.01544952689312706
BS_NUM: 0.005293631100082713
