
Cluster 0:
MAX_CAT: 4.018867924528302
RAMP_UP: 1.849056603773585
RAMP_DOWN: -0.02830188679245283
SEASON: 1.4811320754716981
REPORT_NUM: 398.58490566037733
TOR_NUM: 36.60377358490566
WIND_NUM: 241.78301886792454
HAIL_NUM: 120.19811320754717
TOR_F: 3.1132075471698113
WINDSP_NUM: 82.15056603773584
HAILSZ_NUM: 3.540566037735849
NEIGH_NUM: 0.002729503299842378
RMSE_NUM: 0.025528542356293836
BS_NUM: 0.010530262964870387
LAT_NUM: 38.87538828939762
LON_NUM: -89.31618168668926
PPH_D_NUM: 74.93029273104742
POD_NUM: 0.2056205155247507
FAR_NUM: 0.005920904146249866
POD_H_NUM: 0.18278300548073909
FAR_H_NUM: 0.006242509156695579
POD_W_NUM: 0.19536190155963887
FAR_W_NUM: 0.005978677847348835
POD_T_NUM: 0.04903412554368405
FAR_T_NUM: 0.001062664556417964
Cluster 1:
MAX_CAT: 4.0
RAMP_UP: 1.8303571428571428
RAMP_DOWN: -0.15625
SEASON: 1.2723214285714286
REPORT_NUM: 161.44196428571428
TOR_NUM: 18.825892857142858
WIND_NUM: 85.02232142857143
HAIL_NUM: 57.59375
TOR_F: 2.607142857142857
WINDSP_NUM: 75.42991071428571
HAILSZ_NUM: 2.8170089285714286
NEIGH_NUM: 0.0009455686898263028
RMSE_NUM: 0.013214210122529749
BS_NUM: 0.005271150153609831
LAT_NUM: 36.848850696839996
LON_NUM: -92.06973149176342
PPH_D_NUM: 57.133230646080925
POD_NUM: 0.21700565046152556
FAR_NUM: 0.0040632934043726325
POD_H_NUM: 0.18483502971160237
FAR_H_NUM: 0.003937983206820437
POD_W_NUM: 0.19110145572461107
FAR_W_NUM: 0.0038468817366478455
POD_T_NUM: 0.06017995167040383
FAR_T_NUM: 0.0008674665722356258
Cluster 2:
MAX_CAT: 5.0
RAMP_UP: 2.6
RAMP_DOWN: 0.0
SEASON: 1.45
REPORT_NUM: 367.4
TOR_NUM: 64.95
WIND_NUM: 173.4
HAIL_NUM: 129.05
TOR_F: 4.35
WINDSP_NUM: 81.95
HAILSZ_NUM: 3.8425
NEIGH_NUM: 0.0019400809091811415
RMSE_NUM: 0.018993042239169807
BS_NUM: 0.008254761786600496
LAT_NUM: 37.44825382232666
LON_NUM: -91.75008392333984
PPH_D_NUM: 75.37285061134862
POD_NUM: 0.2865601633161301
FAR_NUM: 0.005976576047816913
POD_H_NUM: 0.21848144275925324
FAR_H_NUM: 0.005632744705492347
POD_W_NUM: 0.26649979115561095
FAR_W_NUM: 0.006214775473580477
POD_T_NUM: 0.13894017247194757
FAR_T_NUM: 0.0021586437359887695