
Cluster 0:
MAX_CAT: 4.297297297297297
RAMP_UP: 1.9594594594594594
RAMP_DOWN: -0.04054054054054054
SEASON: 1.0810810810810811
REPORT_NUM: 380.35135135135135
TOR_NUM: 58.0
WIND_NUM: 231.95945945945945
HAIL_NUM: 90.39189189189189
TOR_F: 3.7567567567567566
WINDSP_NUM: 82.24324324324324
HAILSZ_NUM: 3.0541891891891892
NEIGH_NUM: 0.002553348662329824
RMSE_NUM: 0.01994647182072405
BS_NUM: 0.008196294234681333
LAT_NUM: 37.132884747273216
LON_NUM: -88.89036013628986
PPH_D_NUM: 78.53167159998544
POD_NUM: 0.2405459295265713
FAR_NUM: 0.4923670287116876
POD_H_NUM: 0.17233512006903445
FAR_H_NUM: 0.7695859735642424
POD_W_NUM: 0.23212369353645212
FAR_W_NUM: 0.5737894766848773
POD_T_NUM: 0.09347084853328161
FAR_T_NUM: 0.7574414623168619
FART_NUM: 0.003508547476485983
HR_NUM: 0.45357891723425836
FART_H_NUM: 0.003633898870101877
HR_H_NUM: 0.16284645886819013
FART_W_NUM: 0.0037335078665159537
HR_W_NUM: 0.3721564692610686
FART_T_NUM: 0.0012932285251439108
HR_T_NUM: 0.18850448362908415
Cluster 1:
MAX_CAT: 4.0
RAMP_UP: 1.8586387434554974
RAMP_DOWN: -0.15706806282722513
SEASON: 1.3089005235602094
REPORT_NUM: 143.55497382198953
TOR_NUM: 15.157068062827225
WIND_NUM: 66.92670157068063
HAIL_NUM: 61.47120418848168
TOR_F: 2.5026178010471205
WINDSP_NUM: 74.57748691099476
HAILSZ_NUM: 2.93848167539267
NEIGH_NUM: 0.0007898382359875108
RMSE_NUM: 0.01276603316665971
BS_NUM: 0.005086521767372975
LAT_NUM: 36.929364223864155
LON_NUM: -92.82664995138778
PPH_D_NUM: 53.646821837158555
POD_NUM: 0.21569483700240472
FAR_NUM: 0.7555110616934803
POD_H_NUM: 0.1933880355499742
FAR_H_NUM: 0.8515068930877318
POD_W_NUM: 0.18541791742971003
FAR_W_NUM: 0.8429457635558946
POD_T_NUM: 0.05666527863765394
FAR_T_NUM: 0.9266541657248976
FART_NUM: 0.004396593161282597
HR_NUM: 0.24448893830652002
FART_H_NUM: 0.004256260247294702
HR_H_NUM: 0.13278630062954566
FART_W_NUM: 0.004119107642430873
HR_W_NUM: 0.15705423644410552
FART_T_NUM: 0.0008573386494788397
HR_T_NUM: 0.0733458342751025
Cluster 2:
MAX_CAT: 4.0
RAMP_UP: 1.8588235294117648
RAMP_DOWN: -0.058823529411764705
SEASON: 1.6588235294117648
REPORT_NUM: 355.2470588235294
TOR_NUM: 25.988235294117647
WIND_NUM: 214.04705882352943
HAIL_NUM: 115.21176470588236
TOR_F: 2.8823529411764706
WINDSP_NUM: 81.3289411764706
HAILSZ_NUM: 3.481176470588235
NEIGH_NUM: 0.0023544641223762954
RMSE_NUM: 0.02507668414625439
BS_NUM: 0.010399874276261371
LAT_NUM: 39.08890297833611
LON_NUM: -89.62776471306296
PPH_D_NUM: 72.82382396639905
POD_NUM: 0.20162507015179196
FAR_NUM: 0.6828953846044001
POD_H_NUM: 0.1818560048986908
FAR_H_NUM: 0.8461035034295884
POD_W_NUM: 0.1912130343526441
FAR_W_NUM: 0.7527987626753598
POD_T_NUM: 0.043727281411590276
FAR_T_NUM: 0.9278915047017415
FART_NUM: 0.006564038540862998
HR_NUM: 0.3171046153955998
FART_H_NUM: 0.006760175052076814
HR_H_NUM: 0.15389649657041166
FART_W_NUM: 0.0065495026879203045
HR_W_NUM: 0.2472012373246402
FART_T_NUM: 0.0010667910231735526
HR_T_NUM: 0.07210849529825838