
Cluster 0:
MAX_CAT: 4.067114093959732
RAMP_UP: 1.889261744966443
RAMP_DOWN: -0.087248322147651
SEASON: 1.3456375838926173
REPORT_NUM: 267.17785234899327
TOR_NUM: 29.47986577181208
WIND_NUM: 145.4765100671141
HAIL_NUM: 92.22147651006712
TOR_F: 2.966442953020134
WINDSP_NUM: 78.63174496644297
HAILSZ_NUM: 3.321006711409396
NEIGH_NUM: 0.001653284858238824
RMSE_NUM: 0.01778343727831985
BS_NUM: 0.007436472985050599
LAT_NUM: 37.513983415747305
LON_NUM: -91.65674246778565
PPH_D_NUM: 65.6668205237071
POD_NUM: 0.21710297857420027
FAR_NUM: 0.6622077495206451
POD_H_NUM: 0.19225441249969524
FAR_H_NUM: 0.8095957107690003
POD_W_NUM: 0.1941430346956218
FAR_W_NUM: 0.7535259299912683
POD_T_NUM: 0.061475215319359205
FAR_T_NUM: 0.8830782004310114
FART_NUM: 0.004708784561377535
HR_NUM: 0.3243694316874086
FART_H_NUM: 0.0048049470290534016
HR_H_NUM: 0.163558651647107
FART_W_NUM: 0.004614585364815084
HR_W_NUM: 0.23305125121678538
FART_T_NUM: 0.0010145614779933265
HR_T_NUM: 0.10349898077704234
E_SH_NUM: 9015.735753564235
N_SH_NUM: -13806.824948039632
DIV_NUM: 0.06781671846869483
E_SH_W_NUM: 26468.17801340665
N_SH_W_NUM: -16437.321208073332
DIV_W_NUM: -0.14743244209145762
E_SH_H_NUM: -78472.19151937381
N_SH_H_NUM: 1435.7959142446612
DIV_H_NUM: -0.19166189003290066
E_SH_T_NUM: 26628.37466972629
N_SH_T_NUM: 6512.811712524169
DIV_T_NUM: 0.11649752476141924
Cluster 1:
MAX_CAT: 4.0
RAMP_UP: 1.6875
RAMP_DOWN: -0.25
SEASON: 1.0625
REPORT_NUM: 114.75
TOR_NUM: 8.0625
WIND_NUM: 89.625
HAIL_NUM: 17.0625
TOR_F: 1.9375
WINDSP_NUM: 72.6875
HAILSZ_NUM: 1.5
NEIGH_NUM: 0.0008584453432588918
RMSE_NUM: 0.012659608416545596
BS_NUM: 0.004307231182795699
LAT_NUM: 37.69286918640137
LON_NUM: -85.18046760559082
PPH_D_NUM: 49.194959635067804
POD_NUM: 0.20997753359907748
FAR_NUM: 0.7957257147394137
POD_H_NUM: 0.13924174783549784
FAR_H_NUM: 0.9597659412608999
POD_W_NUM: 0.19836255699645744
FAR_W_NUM: 0.8182487730308554
POD_T_NUM: 0.05888392857142857
FAR_T_NUM: 0.9480138701761982
FART_NUM: 0.004089973005942606
HR_NUM: 0.20427428526058644
FART_H_NUM: 0.0037311672192443723
HR_H_NUM: 0.04023405873910015
FART_W_NUM: 0.003726180855734326
HR_W_NUM: 0.18175122696914459
FART_T_NUM: 0.0008776411715978546
HR_T_NUM: 0.051986129823801776
E_SH_NUM: 52658.28631610291
N_SH_NUM: 110008.16812268336
DIV_NUM: -0.18006147376873977
E_SH_W_NUM: 33840.87741448529
N_SH_W_NUM: 96271.47156602667
DIV_W_NUM: -0.2778997023124155
E_SH_H_NUM: 204663.36837837676
N_SH_H_NUM: 232138.87795403597
DIV_H_NUM: -2.9387122568556303
E_SH_T_NUM: -40410.1907611035
N_SH_T_NUM: 24477.006160752815
DIV_T_NUM: 0.048806542593901825
Cluster 2:
MAX_CAT: 4.055555555555555
RAMP_UP: 1.8888888888888888
RAMP_DOWN: -0.2222222222222222
SEASON: 1.4722222222222223
REPORT_NUM: 119.61111111111111
TOR_NUM: 13.38888888888889
WIND_NUM: 93.22222222222223
HAIL_NUM: 13.0
TOR_F: 2.388888888888889
WINDSP_NUM: 73.55555555555556
HAILSZ_NUM: 1.9305555555555556
NEIGH_NUM: 0.000931176145574855
RMSE_NUM: 0.015106982177587856
BS_NUM: 0.004918224887418434
LAT_NUM: 37.26793962054782
LON_NUM: -90.2650015089247
PPH_D_NUM: 52.55777322817572
POD_NUM: 0.22444209618419336
FAR_NUM: 0.7976211057364093
POD_H_NUM: 0.15633308892403322
FAR_H_NUM: 0.969172209602478
POD_W_NUM: 0.21712939498633912
FAR_W_NUM: 0.8280069287602978
POD_T_NUM: 0.06097146969244492
FAR_T_NUM: 0.9329685031469634
FART_NUM: 0.00524076987924185
HR_NUM: 0.20237889426359065
FART_H_NUM: 0.004580450357820347
HR_H_NUM: 0.030827790397521943
FART_W_NUM: 0.0051380982748071916
HR_W_NUM: 0.1719930712397021
FART_T_NUM: 0.0009373958525911873
HR_T_NUM: 0.0670314968530367
E_SH_NUM: 63786.975373231144
N_SH_NUM: -6609.697268876997
DIV_NUM: -0.6591331829286191
E_SH_W_NUM: 60370.86763407629
N_SH_W_NUM: -13281.392437371076
DIV_W_NUM: -0.6673844597167711
E_SH_H_NUM: -133198.3787096452
N_SH_H_NUM: 46269.45865595092
DIV_H_NUM: -3.641637292355284
E_SH_T_NUM: 44249.24597412004
N_SH_T_NUM: -7796.311919949635
DIV_T_NUM: 0.05939232141391239