MAX_CAT: MDT
RAMP_UP: 4
RAMP_DOWN: -2
RAMP_CAT: both
SEASON: Spring
REGION: Midwest
PPH_CAT: HIGH
PPH_NUM: 64.79728354989591
REPORT_NUM: 45
TOR_NUM: 2
WIND_NUM: 28
HAIL_NUM: 15
TOR_F: (E)F3
WINDSP_CAT: sig_severe
WINDSP_NUM: 80.0
HAILSZ_CAT: severe
HAILSZ_NUM: 1.75
NEIGH_NUM: 0.0006177667493796525
RMSE_NUM: 0.012254007168645279
BS_NUM: 0.0026468155500413565
