
Cluster 0:
MAX_CAT: 4.0
RAMP_UP: 2.0
RAMP_DOWN: -0.125
SEASON: 1.125
REPORT_NUM: 31.8125
TOR_NUM: 8.5625
WIND_NUM: 11.25
HAIL_NUM: 12.0
TOR_F: 1.5
WINDSP_NUM: 62.0625
HAILSZ_NUM: 1.453125
NEIGH_NUM: 0.00045211292969396196
RMSE_NUM: 0.008822955277177233
BS_NUM: 0.0023793941273779987
LAT_NUM: 36.7447859583433
LON_NUM: -90.21758581342935
PPH_D_NUM: 23.024460974674135
POD_NUM: 0.18520308075817943
FAR_NUM: 0.003740516532270952
POD_H_NUM: 0.12396233974358975
FAR_H_NUM: 0.0030415420434750603
POD_W_NUM: 0.17256155303030302
FAR_W_NUM: 0.0036314904884921758
POD_T_NUM: 0.05693080357142857
FAR_T_NUM: 0.0008444238916701227
Cluster 1:
MAX_CAT: 4.027624309392265
RAMP_UP: 1.850828729281768
RAMP_DOWN: -0.12154696132596685
SEASON: 1.3535911602209945
REPORT_NUM: 152.88950276243094
TOR_NUM: 18.14364640883978
WIND_NUM: 69.03867403314918
HAIL_NUM: 65.70718232044199
TOR_F: 2.679558011049724
WINDSP_NUM: 75.92430939226519
HAILSZ_NUM: 3.1265193370165743
NEIGH_NUM: 0.0008445197370366819
RMSE_NUM: 0.014217714157452786
BS_NUM: 0.005715063542766268
LAT_NUM: 37.47408917463945
LON_NUM: -93.2383128213619
PPH_D_NUM: 52.73710649057646
POD_NUM: 0.2056526327678648
FAR_NUM: 0.004909960993985255
POD_H_NUM: 0.19039244419086437
FAR_H_NUM: 0.004787588632092514
POD_W_NUM: 0.17691555003578865
FAR_W_NUM: 0.004647210089826005
POD_T_NUM: 0.055335707346000185
FAR_T_NUM: 0.000881078190831583
Cluster 2:
MAX_CAT: 4.111111111111111
RAMP_UP: 1.9019607843137254
RAMP_DOWN: -0.0915032679738562
SEASON: 1.3594771241830066
REPORT_NUM: 376.3333333333333
TOR_NUM: 39.052287581699346
WIND_NUM: 231.80392156862746
HAIL_NUM: 105.47712418300654
TOR_F: 3.215686274509804
WINDSP_NUM: 81.7513725490196
HAILSZ_NUM: 3.2288235294117644
NEIGH_NUM: 0.002482643628818718
RMSE_NUM: 0.02177317552329031
BS_NUM: 0.009081986517242685
LAT_NUM: 37.602431864520305
LON_NUM: -88.93150848189211
PPH_D_NUM: 80.61505918987582
POD_NUM: 0.23496645615825815
FAR_NUM: 0.004632509010526975
POD_H_NUM: 0.1876029036411664
FAR_H_NUM: 0.00484477704537915
POD_W_NUM: 0.222629961214276
FAR_W_NUM: 0.004709071870753734
POD_T_NUM: 0.06882401336255574
FAR_T_NUM: 0.0011577901638798777