
Cluster 0:
MAX_CAT: 4.065671641791044
RAMP_UP: 1.8746268656716418
RAMP_DOWN: -0.10746268656716418
SEASON: 1.3522388059701493
REPORT_NUM: 254.69850746268656
TOR_NUM: 27.746268656716417
WIND_NUM: 143.20597014925374
HAIL_NUM: 83.74626865671642
TOR_F: 2.928358208955224
WINDSP_NUM: 78.59779104477613
HAILSZ_NUM: 3.1691343283582087
NEIGH_NUM: 0.0015910765459649643
RMSE_NUM: 0.01764743776071374
BS_NUM: 0.0072444199844450205
LAT_NUM: 37.525257270015885
LON_NUM: -91.26872057558886
PPH_D_NUM: 65.40617770333905
Cluster 1:
MAX_CAT: 4.0
RAMP_UP: 2.0
RAMP_DOWN: -0.13333333333333333
SEASON: 1.2
REPORT_NUM: 29.133333333333333
TOR_NUM: 6.733333333333333
WIND_NUM: 11.2
HAIL_NUM: 11.2
TOR_F: 1.3333333333333333
WINDSP_NUM: 60.86666666666667
HAILSZ_NUM: 1.4333333333333333
NEIGH_NUM: 0.000461714105982906
RMSE_NUM: 0.00893185014387361
BS_NUM: 0.0023440033085194373
LAT_NUM: 36.86250705063455
LON_NUM: -90.07435990590668
PPH_D_NUM: 22.4561450547698