
Cluster 0:
MAX_CAT: 4.0
RAMP_UP: 2.0
RAMP_DOWN: -0.14285714285714285
SEASON: 1.1428571428571428
REPORT_NUM: 58.857142857142854
TOR_NUM: 9.0
WIND_NUM: 15.857142857142858
HAIL_NUM: 34.0
TOR_F: 1.6428571428571428
WINDSP_NUM: 65.80714285714285
HAILSZ_NUM: 2.857142857142857
NEIGH_NUM: 0.0007196624648469809
RMSE_NUM: 0.013098795356017654
BS_NUM: 0.003407459529717594
LAT_NUM: 37.66305160522461
LON_NUM: -94.9436536516462
PPH_D_NUM: 32.659966997001675
POD_NUM: 0.21678983981709546
FAR_NUM: 0.8897187276259952
POD_H_NUM: 0.21525856546471941
FAR_H_NUM: 0.9219253614780143
POD_W_NUM: 0.195515873015873
FAR_W_NUM: 0.9506472377046477
POD_T_NUM: 0.04157341269841271
FAR_T_NUM: 0.9625072881259148
FART_NUM: 0.005485871792266837
HR_NUM: 0.11028127237400485
FART_H_NUM: 0.0050693898789091335
HR_H_NUM: 0.07807463852198573
FART_W_NUM: 0.0052535118443550926
HR_W_NUM: 0.049352762295352515
FART_T_NUM: 0.0010296937499473795
HR_T_NUM: 0.03749271187408517
E_SH_NUM: -97859.74980754121
N_SH_NUM: 83379.35688485079
DIV_NUM: -1.777765678484317
E_SH_W_NUM: -69706.71132652147
N_SH_W_NUM: 49173.267076038974
DIV_W_NUM: -3.596917262635263
E_SH_H_NUM: -79368.4650093109
N_SH_H_NUM: 118671.79938682732
DIV_H_NUM: -1.8291119020204099
E_SH_T_NUM: -30323.54343635735
N_SH_T_NUM: 49008.102242029294
DIV_T_NUM: 0.5471007090632064
Cluster 1:
MAX_CAT: 4.053921568627451
RAMP_UP: 1.8774509803921569
RAMP_DOWN: -0.09313725490196079
SEASON: 1.446078431372549
REPORT_NUM: 263.37254901960785
TOR_NUM: 25.71078431372549
WIND_NUM: 149.83823529411765
HAIL_NUM: 87.82352941176471
TOR_F: 2.8186274509803924
WINDSP_NUM: 77.99
HAILSZ_NUM: 3.1887745098039217
NEIGH_NUM: 0.0016902476041453804
RMSE_NUM: 0.018561062269882526
BS_NUM: 0.007534072722554697
LAT_NUM: 37.195354690256735
LON_NUM: -91.43612590579632
PPH_D_NUM: 65.31114338851629
POD_NUM: 0.21136777558987307
FAR_NUM: 0.6768903671855359
POD_H_NUM: 0.18443178426625578
FAR_H_NUM: 0.8301967878227223
POD_W_NUM: 0.19313205820412474
FAR_W_NUM: 0.755539063094817
POD_T_NUM: 0.05934374355463385
FAR_T_NUM: 0.892708152047143
FART_NUM: 0.00489698626297726
HR_NUM: 0.3084037504615229
FART_H_NUM: 0.004974048936062532
HR_H_NUM: 0.14529340825570883
FART_W_NUM: 0.004819104464855149
HR_W_NUM: 0.22975505455224188
FART_T_NUM: 0.0009760829596215404
HR_T_NUM: 0.09258596559991583
E_SH_NUM: 8495.074918911234
N_SH_NUM: -72880.38664444938
DIV_NUM: 0.032624332385278274
E_SH_W_NUM: 19731.76735618975
N_SH_W_NUM: -96756.78162789892
DIV_W_NUM: -0.08713108368391717
E_SH_H_NUM: -84904.61638893049
N_SH_H_NUM: -16834.512791465273
DIV_H_NUM: -0.6815865687030549
E_SH_T_NUM: 22382.108706179133
N_SH_T_NUM: -44907.12342477343
DIV_T_NUM: 0.04365729930257757
Cluster 2:
MAX_CAT: 4.083333333333333
RAMP_UP: 1.871212121212121
RAMP_DOWN: -0.12878787878787878
SEASON: 1.2121212121212122
REPORT_NUM: 236.4318181818182
TOR_NUM: 30.492424242424242
WIND_NUM: 131.46212121212122
HAIL_NUM: 74.47727272727273
TOR_F: 3.053030303030303
WINDSP_NUM: 78.87878787878788
HAILSZ_NUM: 2.974621212121212
NEIGH_NUM: 0.0014018982479885706
RMSE_NUM: 0.01572749669664337
BS_NUM: 0.006646859663633858
LAT_NUM: 37.94517963582819
LON_NUM: -90.48451481443463
PPH_D_NUM: 64.14544634261198
POD_NUM: 0.22713757301177623
FAR_NUM: 0.6685013902036389
POD_H_NUM: 0.18568159230848552
FAR_H_NUM: 0.8275672472613494
POD_W_NUM: 0.2023403134460845
FAR_W_NUM: 0.7576661116822321
POD_T_NUM: 0.066428624759976
FAR_T_NUM: 0.8812486872209944
FART_NUM: 0.00440558848711513
HR_NUM: 0.32392285222060363
FART_H_NUM: 0.004324179255953572
HR_H_NUM: 0.14970548001137782
FART_W_NUM: 0.004265836315517285
HR_W_NUM: 0.23475813074201024
FART_T_NUM: 0.0010347817698394103
HR_T_NUM: 0.11117555520324807
E_SH_NUM: 41383.289112907536
N_SH_NUM: 84151.78509732816
DIV_NUM: 0.08964363356155014
E_SH_W_NUM: 57219.21014668396
N_SH_W_NUM: 115256.43492675795
DIV_W_NUM: -0.032390308951848475
E_SH_H_NUM: -49041.97393026081
N_SH_H_NUM: 57428.9784800534
DIV_H_NUM: -0.5347148122770888
E_SH_T_NUM: 35910.946109981516
N_SH_T_NUM: 79747.89778069264
DIV_T_NUM: 0.15961963368708715