
Cluster 0:
MAX_CAT: 4.112426035502959
RAMP_UP: 1.8757396449704142
RAMP_DOWN: -0.05917159763313609
SEASON: 1.2248520710059172
REPORT_NUM: 299.7100591715976
TOR_NUM: 36.603550295857985
WIND_NUM: 171.12426035502958
HAIL_NUM: 91.98224852071006
TOR_F: 3.2958579881656807
WINDSP_NUM: 79.1301775147929
HAILSZ_NUM: 3.0468047337278104
NEIGH_NUM: 0.0018120211511885712
RMSE_NUM: 0.017253541297927114
BS_NUM: 0.007172426524928911
LAT_NUM: 37.3214301498684
LON_NUM: -90.39843537821572
PPH_D_NUM: 70.35751678101265
POD_NUM: 0.26359997638660204
FAR_NUM: 0.6007389942992122
POD_H_NUM: 0.21089320911520884
FAR_H_NUM: 0.8023851364646604
POD_W_NUM: 0.2417501559593072
FAR_W_NUM: 0.6917935776175931
POD_T_NUM: 0.07902608998954008
FAR_T_NUM: 0.8524863337835149
FART_NUM: 0.004616518637234254
HR_NUM: 0.37559236664753337
FART_H_NUM: 0.004699068518029292
HR_H_NUM: 0.16802906471877144
FART_W_NUM: 0.004637670370023133
HR_W_NUM: 0.2845377833291524
FART_T_NUM: 0.001227804430463243
HR_T_NUM: 0.12384502716323073
Cluster 1:
MAX_CAT: 4.016574585635359
RAMP_UP: 1.8839779005524862
RAMP_DOWN: -0.15469613259668508
SEASON: 1.4585635359116023
REPORT_NUM: 193.97790055248618
TOR_NUM: 17.734806629834253
WIND_NUM: 106.1988950276243
HAIL_NUM: 70.04419889502762
TOR_F: 2.453038674033149
WINDSP_NUM: 76.63127071823205
HAILSZ_NUM: 3.139502762430939
NEIGH_NUM: 0.001291186629486951
RMSE_NUM: 0.01729293327429572
BS_NUM: 0.006905528517701036
LAT_NUM: 37.66064693860266
LON_NUM: -91.98232714084205
PPH_D_NUM: 57.223709228999944
POD_NUM: 0.1745184950607301
FAR_NUM: 0.7583369644360592
POD_H_NUM: 0.16302056216061903
FAR_H_NUM: 0.8613419245994369
POD_W_NUM: 0.15463705587637513
FAR_W_NUM: 0.8317007863198296
POD_T_NUM: 0.04475867802766653
FAR_T_NUM: 0.9273049798626368
FART_NUM: 0.004846041068208314
HR_NUM: 0.2416630355639408
FART_H_NUM: 0.004764234936466331
HR_H_NUM: 0.12208348976520389
FART_W_NUM: 0.004618621976606595
HR_W_NUM: 0.16829921368017056
FART_T_NUM: 0.000788004868135755
HR_T_NUM: 0.07269502013736338