
Cluster 0:
MAX_CAT: 4.053921568627451
RAMP_UP: 1.8627450980392157
RAMP_DOWN: -0.10294117647058823
SEASON: 1.2401960784313726
REPORT_NUM: 246.33333333333334
TOR_NUM: 29.102941176470587
WIND_NUM: 139.49019607843138
HAIL_NUM: 77.74019607843137
TOR_F: 2.906862745098039
WINDSP_NUM: 77.38382352941176
HAILSZ_NUM: 2.9412254901960786
NEIGH_NUM: 0.001573592192153619
RMSE_NUM: 0.015489289269920666
BS_NUM: 0.006367522827162297
LAT_NUM: 36.91434284704289
LON_NUM: -91.24343369142888
PPH_D_NUM: 64.08130394317344
POD_NUM: 0.21541213039401827
FAR_NUM: 0.0032460720747318483
POD_H_NUM: 0.17990434258848317
FAR_H_NUM: 0.0033177249335835917
POD_W_NUM: 0.1927018372626386
FAR_W_NUM: 0.0032027863448701325
POD_T_NUM: 0.06530802208168619
FAR_T_NUM: 0.0008479616693088809
Cluster 1:
MAX_CAT: 4.075342465753424
RAMP_UP: 1.904109589041096
RAMP_DOWN: -0.11643835616438356
SEASON: 1.4931506849315068
REPORT_NUM: 243.2123287671233
TOR_NUM: 23.69178082191781
WIND_NUM: 134.83561643835617
HAIL_NUM: 84.68493150684931
TOR_F: 2.7945205479452055
WINDSP_NUM: 78.47232876712329
HAILSZ_NUM: 3.3092465753424656
NEIGH_NUM: 0.0014994763512922488
RMSE_NUM: 0.019767495828310895
BS_NUM: 0.007966206079970993
LAT_NUM: 38.310772948069115
LON_NUM: -91.18134464629709
PPH_D_NUM: 62.844696589265396
POD_NUM: 0.2204943083215628
FAR_NUM: 0.00681593410817121
POD_H_NUM: 0.19484375481843688
FAR_H_NUM: 0.006709953538330845
POD_W_NUM: 0.2022870456792366
FAR_W_NUM: 0.006618962027028741
POD_T_NUM: 0.055711598812163934
FAR_T_NUM: 0.0012133126667249864