MAX_CAT: HIGH
RAMP_UP: 1
RAMP_DOWN: 0
RAMP_CAT: up
SEASON: Spring
REGION: South
PPH_CAT: HIGH
PPH_NUM: 94.55788058460172
REPORT_NUM: 790
TOR_NUM: 284
WIND_NUM: 330
HAIL_NUM: 176
TOR_F: (E)F5
WINDSP_CAT: sig_severe
WINDSP_NUM: 87.0
HAILSZ_CAT: sig_severe
HAILSZ_NUM: 4.0
NEIGH_NUM: 0.0033886856575682384
RMSE_NUM: 0.024232508768994254
BS_NUM: 0.012824714640198511
