MAX_CAT: HIGH
RAMP_UP: 1
RAMP_DOWN: 0
RAMP_CAT: up
SEASON: Spring
PPH_CAT: HIGH
PPH_NUM: 94.55788058460172
REPORT_NUM: 790
TOR_NUM: 284
WIND_NUM: 330
HAIL_NUM: 176
TOR_F: (E)F5
WINDSP_CAT: sig_severe
WINDSP_NUM: 87.0
HAILSZ_CAT: sig_severe
HAILSZ_NUM: 4.0
NEIGH_NUM: 0.00392319417700579
RMSE_NUM: 0.02687298342171212
BS_NUM: 0.013122481389578165
REGION_M: Northeast
LAT_NUM: 41.2215461730957
LON_NUM: -77.25952911376953
PPH_D_CAT: HIGH
PPH_D_NUM: 79.89937401972726
POD_NUM: 0.24397509373865056
FAR_NUM: 0.5215000551547229
POD_H_NUM: 0.2214749796095856
FAR_H_NUM: 0.7370409658678411
POD_W_NUM: 0.25106838560293704
FAR_W_NUM: 0.5825466272635251
POD_T_NUM: 0.10128138226723947
FAR_T_NUM: 0.661777292142269
E_SH_NUM: 193095.87954219346
N_SH_NUM: 164041.71490280537
DIV_NUM: 0.3789417333409567
E_SH_W_NUM: 317940.995156429
N_SH_W_NUM: 265303.0710031614
DIV_W_NUM: 0.26407981863000546
E_SH_H_NUM: 114388.26971589497
N_SH_H_NUM: 74954.51148811806
DIV_H_NUM: 0.3042336270552006
E_SH_T_NUM: 148640.0490461996
N_SH_T_NUM: 46436.49902942326
DIV_T_NUM: 0.47437137245886424
PC_W_NUM: 0.9809056014849655
PC_H_NUM: 0.9865742096997042
PC_T_NUM: 0.9878385072360317
PC_NUM: 0.9789063058889199
POFD_W_NUM: 0.006193235608028891
POFD_H_NUM: 0.006013771702462674
POFD_T_NUM: 0.002221799967645201
POFD_NUM: 0.005604151448577586
DFR_W_NUM: 0.013146070114043586
DFR_H_NUM: 0.007530573982079173
DFR_T_NUM: 0.009997519225101779
DFR_NUM: 0.015771201193125334
CSI_W_NUM: 0.1859269758086279
CSI_H_NUM: 0.1366483039446501
CSI_T_NUM: 0.08453003418165995
CSI_NUM: 0.19272860276701234
Bias_W_NUM: 0.6014285714285715
Bias_H_NUM: 0.8422413793103447
Bias_T_NUM: 0.2994517515064132
Bias_NUM: 0.5098748628226903
ETS_W_NUM: 0.18592640457667117
ETS_H_NUM: 0.13664702432694273
ETS_T_NUM: 0.08452946945819835
ETS_NUM: 0.19272817168717596
TSS_W_NUM: 0.24487514999490811
TSS_H_NUM: 0.21546120790712295
TSS_T_NUM: 0.09905958229959426
TSS_NUM: 0.23837094229007294
