MAX_CAT: HIGH
RAMP_UP: 1
RAMP_DOWN: 0
RAMP_CAT: up
SEASON: Spring
PPH_CAT: HIGH
PPH_NUM: 87.20675208145825
REPORT_NUM: 790
TOR_NUM: 284
WIND_NUM: 330
HAIL_NUM: 176
TOR_F: (E)F5
WINDSP_CAT: sig_severe
WINDSP_NUM: 87.0
HAILSZ_CAT: sig_severe
HAILSZ_NUM: 4.0
NEIGH_NUM: 0.00392319417700579
RMSE_NUM: 0.025629005578641263
BS_NUM: 0.013122481389578165
REGION_M: South
LAT_NUM: 37.25810623168945
LON_NUM: -80.62849426269531
PPH_D_CAT: HIGH
PPH_D_NUM: 79.89937401972726
POD_NUM: 0.25050137320997096
FAR_NUM: 0.44875523028299386
POD_H_NUM: 0.2214749796095856
FAR_H_NUM: 0.7370409658678411
POD_W_NUM: 0.25106838560293704
FAR_W_NUM: 0.5825466272635251
POD_T_NUM: 0.10227897583381018
FAR_T_NUM: 0.6636565817124329
E_SH_NUM: 193938.00523691275
N_SH_NUM: 160623.65124928515
DIV_NUM: 0.45538183188258236
E_SH_W_NUM: 317940.995156429
N_SH_W_NUM: 265303.0710031614
DIV_W_NUM: 0.26407981863000546
E_SH_H_NUM: 114388.26971589497
N_SH_H_NUM: 74954.51148811806
DIV_H_NUM: 0.3042336270552006
E_SH_T_NUM: 161251.0982463803
N_SH_T_NUM: 72839.81975335442
DIV_T_NUM: 0.5654667556334815
PC_W_NUM: 0.9809056014849655
PC_H_NUM: 0.9865742096997042
PC_T_NUM: 0.9879951736658499
PC_NUM: 0.9779190048798663
POFD_W_NUM: 0.006193235608028891
POFD_H_NUM: 0.006013771702462674
POFD_T_NUM: 0.0022277283149303444
POFD_NUM: 0.004834853133040485
DFR_W_NUM: 0.013146070114043586
DFR_H_NUM: 0.007530573982079173
DFR_T_NUM: 0.009834070702061024
DFR_NUM: 0.01754274226860759
CSI_W_NUM: 0.1859269758086279
CSI_H_NUM: 0.1366483039446501
CSI_T_NUM: 0.08510397758875475
CSI_NUM: 0.20807020024186437
Bias_W_NUM: 0.6014285714285715
Bias_H_NUM: 0.8422413793103447
Bias_T_NUM: 0.3040909090909091
Bias_NUM: 0.4544285714285714
ETS_W_NUM: 0.18592640457667117
ETS_H_NUM: 0.13664702432694273
ETS_T_NUM: 0.08510339736073277
ETS_NUM: 0.2080698470359708
TSS_W_NUM: 0.24487514999490811
TSS_H_NUM: 0.21546120790712295
TSS_T_NUM: 0.10005124751887984
TSS_NUM: 0.2456665200769304
