
Cluster 0:
MAX_CAT: 4.057401812688822
RAMP_UP: 1.8731117824773413
RAMP_DOWN: -0.09969788519637462
SEASON: 1.3323262839879153
REPORT_NUM: 248.4773413897281
TOR_NUM: 27.250755287009063
WIND_NUM: 139.17522658610272
HAIL_NUM: 82.05135951661632
TOR_F: 2.879154078549849
WINDSP_NUM: 78.24549848942598
HAILSZ_NUM: 3.1084894259818725
NEIGH_NUM: 0.0015278291690068693
RMSE_NUM: 0.01715147014743526
BS_NUM: 0.007024168534580776
LAT_NUM: 37.44989237252319
LON_NUM: -91.19571612032519
PPH_D_NUM: 63.96467320329802
POD_NUM: 0.21948339766376346
FAR_NUM: 0.004672606112059902
POD_H_NUM: 0.1881706598087413
FAR_H_NUM: 0.004703445752349461
POD_W_NUM: 0.19840528046241554
FAR_W_NUM: 0.004564984309571558
POD_T_NUM: 0.06195268325180708
FAR_T_NUM: 0.0009857845937830375
Cluster 1:
MAX_CAT: 4.0
RAMP_UP: 1.8888888888888888
RAMP_DOWN: -0.3333333333333333
SEASON: 1.6666666666666667
REPORT_NUM: 146.33333333333334
TOR_NUM: 18.11111111111111
WIND_NUM: 89.22222222222223
HAIL_NUM: 39.0
TOR_F: 1.8888888888888888
WINDSP_NUM: 65.33333333333333
HAILSZ_NUM: 2.0555555555555554
NEIGH_NUM: 0.002272210660049628
RMSE_NUM: 0.0180963264125959
BS_NUM: 0.006879777593971143
LAT_NUM: 36.97466351158275
LON_NUM: -91.27322855954064
PPH_D_NUM: 46.137982891957954
POD_NUM: 0.034966211825860946
FAR_NUM: 0.0009532636352534553
POD_H_NUM: 0.022546897546897548
FAR_H_NUM: 0.0006471380775274488
POD_W_NUM: 0.021653952843273233
FAR_W_NUM: 0.0008832089051764541
POD_T_NUM: 0.013936507936507938
FAR_T_NUM: 0.00024801241416164024
Cluster 2:
MAX_CAT: 4.3
RAMP_UP: 2.1
RAMP_DOWN: -0.2
SEASON: 1.5
REPORT_NUM: 219.8
TOR_NUM: 21.3
WIND_NUM: 127.2
HAIL_NUM: 71.3
TOR_F: 3.1
WINDSP_NUM: 75.6
HAILSZ_NUM: 3.575
NEIGH_NUM: 0.0013775003606286188
RMSE_NUM: 0.020586584548277317
BS_NUM: 0.007512296112489661
LAT_NUM: 39.52124443054199
LON_NUM: -91.88956985473632
PPH_D_NUM: 66.03630301208618
POD_NUM: 0.3172543082189448
FAR_NUM: 0.010211308722918516
POD_H_NUM: 0.2660263616926903
FAR_H_NUM: 0.009380431632193754
POD_W_NUM: 0.2978050062097831
FAR_W_NUM: 0.010077818368492949
POD_T_NUM: 0.08249632034632035
FAR_T_NUM: 0.0021601017611219573