
Cluster 0:
MAX_CAT: 4.063768115942029
RAMP_UP: 1.8753623188405797
RAMP_DOWN: -0.10434782608695652
SEASON: 1.3536231884057972
REPORT_NUM: 244.21159420289854
TOR_NUM: 26.457971014492752
WIND_NUM: 136.74492753623187
HAIL_NUM: 81.00869565217391
TOR_F: 2.860869565217391
WINDSP_NUM: 77.8152463768116
HAILSZ_NUM: 3.095391304347826
NEIGH_NUM: 0.0015070894469641936
RMSE_NUM: 0.017169141557223207
BS_NUM: 0.007003975641625009
LAT_NUM: 37.477849432065916
LON_NUM: -91.24937765201746
PPH_D_NUM: 63.50144234876266
POD_NUM: 0.22022832565495673
FAR_NUM: 0.6916353148689758
POD_H_NUM: 0.1887855287677556
FAR_H_NUM: 0.8422751414012951
POD_W_NUM: 0.19910438754581147
FAR_W_NUM: 0.774649238389254
POD_T_NUM: 0.06204745735763123
FAR_T_NUM: 0.9029344688827572
FART_NUM: 0.004802478628049561
HR_NUM: 0.30836468513102433
FART_H_NUM: 0.0048005193505603295
HR_H_NUM: 0.14613065570015427
FART_W_NUM: 0.004693308628340001
HR_W_NUM: 0.2253507616107459
FART_T_NUM: 0.0010144104517360874
HR_T_NUM: 0.09706553111724281
Cluster 1:
MAX_CAT: 4.0
RAMP_UP: 2.2
RAMP_DOWN: -0.4
SEASON: 0.8
REPORT_NUM: 301.6
TOR_NUM: 53.6
WIND_NUM: 193.0
HAIL_NUM: 55.0
TOR_F: 2.8
WINDSP_NUM: 79.4
HAILSZ_NUM: 3.05
NEIGH_NUM: 0.0039980990570719615
RMSE_NUM: 0.024503112951039997
BS_NUM: 0.009133829611248968
LAT_NUM: 38.80814743041992
LON_NUM: -89.02030029296876
PPH_D_NUM: 67.98281922340198
POD_NUM: 0.03149425287356323
FAR_NUM: 0.033939393939393936
POD_H_NUM: 0.003333333333333334
FAR_H_NUM: 0.18421052631578946
POD_W_NUM: 0.030813953488372098
FAR_W_NUM: 0.039393939393939384
POD_T_NUM: 0.010071428571428575
FAR_T_NUM: 0.07999999999999999
FART_NUM: 9.399127223900639e-05
HR_NUM: 0.16606060606060608
FART_H_NUM: 5.798542080848244e-05
HR_H_NUM: 0.015789473684210527
FART_W_NUM: 0.00010907870448061755
HR_W_NUM: 0.16060606060606059
FART_T_NUM: 3.12448063819179e-05
HR_T_NUM: 0.12