
Cluster 0:
MAX_CAT: 4.134751773049645
RAMP_UP: 1.8794326241134751
RAMP_DOWN: -0.0425531914893617
SEASON: 1.198581560283688
REPORT_NUM: 328.4113475177305
TOR_NUM: 40.333333333333336
WIND_NUM: 188.52482269503545
HAIL_NUM: 99.55319148936171
TOR_F: 3.404255319148936
WINDSP_NUM: 80.06382978723404
HAILSZ_NUM: 3.119929078014184
NEIGH_NUM: 0.0019255002856355112
RMSE_NUM: 0.017745020443115673
BS_NUM: 0.007520070511353971
LAT_NUM: 37.34252007125963
LON_NUM: -90.3781332462392
PPH_D_NUM: 73.4090213375117
POD_NUM: 0.2730520799603556
FAR_NUM: 0.5881648839533352
POD_H_NUM: 0.2152333649640391
FAR_H_NUM: 0.8108071717426119
POD_W_NUM: 0.24936677525265216
FAR_W_NUM: 0.6862550705602365
POD_T_NUM: 0.08195145466885498
FAR_T_NUM: 0.8646803780258205
FART_NUM: 0.004631023177190222
HR_NUM: 0.4118351160466648
FART_H_NUM: 0.004805792154652765
HR_H_NUM: 0.1821006296758279
FART_W_NUM: 0.0046896340894655615
HR_W_NUM: 0.31374492943976356
FART_T_NUM: 0.001299780310961192
HR_T_NUM: 0.1353196219741794
Cluster 1:
MAX_CAT: 4.014634146341463
RAMP_UP: 1.8780487804878048
RAMP_DOWN: -0.14634146341463414
SEASON: 1.4536585365853658
REPORT_NUM: 188.8780487804878
TOR_NUM: 17.6
WIND_NUM: 103.30731707317074
HAIL_NUM: 67.97073170731707
TOR_F: 2.4878048780487805
WINDSP_NUM: 76.31346341463414
HAILSZ_NUM: 3.0829268292682928
NEIGH_NUM: 0.0012406630934011175
RMSE_NUM: 0.016842667118594598
BS_NUM: 0.006666539006233734
LAT_NUM: 37.58660819308068
LON_NUM: -91.86692175604863
PPH_D_NUM: 56.84978763933627
POD_NUM: 0.18358975776057446
FAR_NUM: 0.7602567412784065
POD_H_NUM: 0.1697549738127455
FAR_H_NUM: 0.8643032448747193
POD_W_NUM: 0.1643139910249896
FAR_W_NUM: 0.8326292292305807
POD_T_NUM: 0.048300364989909104
FAR_T_NUM: 0.9267924803068808
FART_NUM: 0.004899272268558402
HR_NUM: 0.2397432587215936
FART_H_NUM: 0.0047748898011771524
HR_H_NUM: 0.1210626087838173
FART_W_NUM: 0.004675602261878338
HR_W_NUM: 0.1673707707694194
FART_T_NUM: 0.0008139453952943009
HR_T_NUM: 0.07320751969311937
Cluster 2:
MAX_CAT: 4.0
RAMP_UP: 2.0
RAMP_DOWN: -0.5
SEASON: 1.0
REPORT_NUM: 183.75
TOR_NUM: 25.25
WIND_NUM: 95.5
HAIL_NUM: 63.0
TOR_F: 2.75
WINDSP_NUM: 77.5
HAILSZ_NUM: 2.8125
NEIGH_NUM: 0.003526220016542598
RMSE_NUM: 0.02276869005150115
BS_NUM: 0.008767576509511994
LAT_NUM: 38.33719539642334
LON_NUM: -87.52526092529297
PPH_D_NUM: 60.7583079467602
POD_NUM: 0.0
FAR_NUM: 0.0
POD_H_NUM: 0.0
FAR_H_NUM: 0.0
POD_W_NUM: 0.0
FAR_W_NUM: 0.0
POD_T_NUM: 0.0
FAR_T_NUM: 0.0
FART_NUM: 0.0
HR_NUM: 0.0
FART_H_NUM: 0.0
HR_H_NUM: 0.0
FART_W_NUM: 0.0
HR_W_NUM: 0.0
FART_T_NUM: 0.0
HR_T_NUM: 0.0