
Cluster 0:
MAX_CAT: 4.110294117647059
RAMP_UP: 1.9044117647058822
RAMP_DOWN: -0.04411764705882353
SEASON: 1.161764705882353
REPORT_NUM: 260.0367647058824
TOR_NUM: 34.25
WIND_NUM: 145.7058823529412
HAIL_NUM: 80.08088235294117
TOR_F: 3.25
WINDSP_NUM: 78.25220588235294
HAILSZ_NUM: 2.8971323529411763
NEIGH_NUM: 0.0014318877767722476
RMSE_NUM: 0.015025868343945328
BS_NUM: 0.006052138738870237
LAT_NUM: 36.63068841485416
LON_NUM: -90.51932060017305
PPH_D_NUM: 68.33230953142994
POD_NUM: 0.2754410509519221
FAR_NUM: 0.004303635145401369
POD_H_NUM: 0.22099591399621096
FAR_H_NUM: 0.0043047621135179955
POD_W_NUM: 0.25106800257694806
FAR_W_NUM: 0.004281373722311177
POD_T_NUM: 0.08293543729057097
FAR_T_NUM: 0.0011702979983639872
Cluster 1:
MAX_CAT: 4.011627906976744
RAMP_UP: 1.8837209302325582
RAMP_DOWN: -0.1744186046511628
SEASON: 1.313953488372093
REPORT_NUM: 223.47674418604652
TOR_NUM: 22.27906976744186
WIND_NUM: 123.19767441860465
HAIL_NUM: 78.0
TOR_F: 2.5348837209302326
WINDSP_NUM: 76.0813953488372
HAILSZ_NUM: 3.0261627906976742
NEIGH_NUM: 0.0017046449661646183
RMSE_NUM: 0.016586320115338806
BS_NUM: 0.006854610960432417
LAT_NUM: 37.09661959378545
LON_NUM: -91.98083642682852
PPH_D_NUM: 58.287846968574506
POD_NUM: 0.15168520971200977
FAR_NUM: 0.0026710718471726694
POD_H_NUM: 0.13604269699666746
FAR_H_NUM: 0.0026895256136840657
POD_W_NUM: 0.1327928245938743
FAR_W_NUM: 0.002589014005878911
POD_T_NUM: 0.04550162642763489
FAR_T_NUM: 0.0006364123832035613
Cluster 2:
MAX_CAT: 4.046875
RAMP_UP: 1.8515625
RAMP_DOWN: -0.1328125
SEASON: 1.5625
REPORT_NUM: 243.5703125
TOR_NUM: 22.046875
WIND_NUM: 138.5234375
HAIL_NUM: 83.0
TOR_F: 2.6640625
WINDSP_NUM: 78.5778125
HAILSZ_NUM: 3.35078125
NEIGH_NUM: 0.0015515636699751862
RMSE_NUM: 0.02012443576016801
BS_NUM: 0.008198854166666665
LAT_NUM: 38.6860615760088
LON_NUM: -91.44654107093811
PPH_D_NUM: 62.04658414740817
POD_NUM: 0.2002447863330754
FAR_NUM: 0.006580613471928577
POD_H_NUM: 0.18275435817456448
FAR_H_NUM: 0.006560330100250618
POD_W_NUM: 0.18187228285319296
FAR_W_NUM: 0.006365740934060914
POD_T_NUM: 0.04894039521051301
FAR_T_NUM: 0.0010643424777175875