
Cluster 0:
MAX_CAT: 4.094594594594595
RAMP_UP: 1.9009009009009008
RAMP_DOWN: -0.07207207207207207
SEASON: 1.3288288288288288
REPORT_NUM: 323.23423423423424
TOR_NUM: 34.18468468468468
WIND_NUM: 189.6036036036036
HAIL_NUM: 99.44594594594595
TOR_F: 3.1576576576576576
WINDSP_NUM: 80.58225225225226
HAILSZ_NUM: 3.2878828828828826
NEIGH_NUM: 0.002042567826943569
RMSE_NUM: 0.019935822890776007
BS_NUM: 0.008351512306351016
LAT_NUM: 37.5346087292508
LON_NUM: -90.3200836525307
PPH_D_NUM: 74.85943501117191
Cluster 1:
MAX_CAT: 4.0078125
RAMP_UP: 1.84375
RAMP_DOWN: -0.171875
SEASON: 1.375
REPORT_NUM: 109.3984375
TOR_NUM: 14.1171875
WIND_NUM: 47.265625
HAIL_NUM: 48.015625
TOR_F: 2.34375
WINDSP_NUM: 73.078125
HAILSZ_NUM: 2.759765625
NEIGH_NUM: 0.0006756741945822994
RMSE_NUM: 0.012657161876913542
BS_NUM: 0.004750039159429281
LAT_NUM: 37.43137229157159
LON_NUM: -92.77404859803946
PPH_D_NUM: 43.977477609062205