
Cluster 0:
MAX_CAT: 4.067692307692307
RAMP_UP: 1.8707692307692307
RAMP_DOWN: -0.10461538461538461
SEASON: 1.356923076923077
REPORT_NUM: 257.3046153846154
TOR_NUM: 28.018461538461537
WIND_NUM: 145.89846153846153
HAIL_NUM: 83.3876923076923
TOR_F: 2.9446153846153846
WINDSP_NUM: 78.70141538461539
HAILSZ_NUM: 3.1235692307692307
NEIGH_NUM: 0.0015762602897143223
RMSE_NUM: 0.017484225750231022
BS_NUM: 0.007231150524909334
LAT_NUM: 37.548576255211465
LON_NUM: -91.08605971116286
PPH_D_NUM: 65.47222444638676
POD_NUM: 0.22028750999495847
FAR_NUM: 0.6721496889694212
POD_H_NUM: 0.18661800240636336
FAR_H_NUM: 0.8347471928298007
POD_W_NUM: 0.19958621711461563
FAR_W_NUM: 0.7558691251047805
POD_T_NUM: 0.06256135461138533
FAR_T_NUM: 0.8922795628928809
FART_NUM: 0.004708809086087336
HR_NUM: 0.3216964648767327
FART_H_NUM: 0.004720459706631056
HR_H_NUM: 0.14986819178558375
FART_W_NUM: 0.004616248028758964
HR_W_NUM: 0.23797702874137328
FART_T_NUM: 0.0010143672663566528
HR_T_NUM: 0.10156659095327292
E_SH_NUM: 23343.08720787684
N_SH_NUM: -12977.561634245243
DIV_NUM: 0.07769807225433051
E_SH_W_NUM: 36213.69318845834
N_SH_W_NUM: -14924.68819513387
DIV_W_NUM: -0.02272410695830367
E_SH_H_NUM: -70907.31377700671
N_SH_H_NUM: 10467.318063672394
DIV_H_NUM: -0.6269409205154175
E_SH_T_NUM: 29750.28662427494
N_SH_T_NUM: 3014.2860892254107
DIV_T_NUM: 0.09859822412643769
Cluster 1:
MAX_CAT: 4.0
RAMP_UP: 2.0
RAMP_DOWN: -0.16
SEASON: 1.2
REPORT_NUM: 85.48
TOR_NUM: 11.6
WIND_NUM: 29.0
HAIL_NUM: 44.88
TOR_F: 1.76
WINDSP_NUM: 66.612
HAILSZ_NUM: 2.72
NEIGH_NUM: 0.0011060704132340778
RMSE_NUM: 0.01453984132688497
BS_NUM: 0.004476672952853597
LAT_NUM: 36.824460330844595
LON_NUM: -92.92669541131745
PPH_D_NUM: 38.77755045457721
POD_NUM: 0.18171211467865603
FAR_NUM: 0.8134092673772687
POD_H_NUM: 0.17987293237896984
FAR_H_NUM: 0.8085255498136174
POD_W_NUM: 0.15918251633986927
FAR_W_NUM: 0.8717396512883472
POD_T_NUM: 0.044971587301587304
FAR_T_NUM: 0.8768613529745974
FART_NUM: 0.0050784852023963946
HR_NUM: 0.10659073262273124
FART_H_NUM: 0.00489278793569051
HR_H_NUM: 0.07147445018638264
FART_W_NUM: 0.004778250438121603
HR_W_NUM: 0.0482603487116528
FART_T_NUM: 0.0008183387325979012
HR_T_NUM: 0.04313864702540256
E_SH_NUM: -70438.01574015454
N_SH_NUM: 65018.21139589026
DIV_NUM: -1.2660907817886595
E_SH_W_NUM: -46685.118591810715
N_SH_W_NUM: 40576.61442894887
DIV_W_NUM: -2.600870750744323
E_SH_H_NUM: -74414.55338957669
N_SH_H_NUM: 96236.45482520755
DIV_H_NUM: -1.25911130787096
E_SH_T_NUM: -31487.107936810226
N_SH_T_NUM: 42885.591231512066
DIV_T_NUM: 0.22363471160855852