
Cluster 0:
MAX_CAT: 4.138888888888889
RAMP_UP: 1.9027777777777777
RAMP_DOWN: -0.041666666666666664
SEASON: 1.4027777777777777
REPORT_NUM: 495.2638888888889
TOR_NUM: 48.27777777777778
WIND_NUM: 313.77777777777777
HAIL_NUM: 133.20833333333334
TOR_F: 3.2916666666666665
WINDSP_NUM: 83.59666666666666
HAILSZ_NUM: 3.397222222222222
NEIGH_NUM: 0.0037147808605826676
RMSE_NUM: 0.027734574585659515
BS_NUM: 0.011655316606929509
LAT_NUM: 37.62244971593221
LON_NUM: -88.13478385077582
PPH_D_NUM: 84.45756266912561
Cluster 1:
MAX_CAT: 4.043165467625899
RAMP_UP: 1.8741007194244603
RAMP_DOWN: -0.12589928057553956
SEASON: 1.330935251798561
REPORT_NUM: 180.22302158273382
TOR_NUM: 21.294964028776977
WIND_NUM: 91.90647482014388
HAIL_NUM: 67.02158273381295
TOR_F: 2.7482014388489207
WINDSP_NUM: 76.34640287769784
HAILSZ_NUM: 3.0164028776978413
NEIGH_NUM: 0.0009801155846260957
RMSE_NUM: 0.01456467637348821
BS_NUM: 0.005837618520568161
LAT_NUM: 37.464325221826336
LON_NUM: -92.01594371998205
PPH_D_NUM: 58.154558252744906