
Cluster 0:
MAX_CAT: 4.066265060240964
RAMP_UP: 1.855421686746988
RAMP_DOWN: -0.14457831325301204
SEASON: 1.2650602409638554
REPORT_NUM: 276.06626506024094
TOR_NUM: 31.0
WIND_NUM: 171.51807228915663
HAIL_NUM: 73.54819277108433
TOR_F: 2.9578313253012047
WINDSP_NUM: 78.12048192771084
HAILSZ_NUM: 2.787710843373494
NEIGH_NUM: 0.0018492730765045297
RMSE_NUM: 0.018182414265361227
BS_NUM: 0.007345072797393047
LAT_NUM: 36.00377182788159
LON_NUM: -85.34575391102986
PPH_D_NUM: 68.34729870499731
POD_NUM: 0.22457094544745107
FAR_NUM: 0.6451439230577503
POD_H_NUM: 0.1650093819750694
FAR_H_NUM: 0.8404495510755654
POD_W_NUM: 0.21762631086975942
FAR_W_NUM: 0.710843481958187
POD_T_NUM: 0.06740151929010531
FAR_T_NUM: 0.8739731663749363
FART_NUM: 0.004457907932593601
HR_NUM: 0.33678378778562323
FART_H_NUM: 0.004336791864697792
HR_H_NUM: 0.1294299669967238
FART_W_NUM: 0.004502346277487749
HR_W_NUM: 0.2710842288851864
FART_T_NUM: 0.0010833443318497605
HR_T_NUM: 0.10795454446843722
Cluster 1:
MAX_CAT: 4.063492063492063
RAMP_UP: 1.8888888888888888
RAMP_DOWN: -0.031746031746031744
SEASON: 1.6984126984126984
REPORT_NUM: 222.9206349206349
TOR_NUM: 24.571428571428573
WIND_NUM: 130.31746031746033
HAIL_NUM: 68.03174603174604
TOR_F: 2.7936507936507935
WINDSP_NUM: 79.0
HAILSZ_NUM: 3.2920634920634924
NEIGH_NUM: 0.0013677004859322277
RMSE_NUM: 0.017970773611809692
BS_NUM: 0.007162557800622315
LAT_NUM: 43.43747142004588
LON_NUM: -94.9844457232763
PPH_D_NUM: 61.50507283193121
POD_NUM: 0.2086366345103707
FAR_NUM: 0.7118861463744752
POD_H_NUM: 0.186081977698787
FAR_H_NUM: 0.847496386188914
POD_W_NUM: 0.18928192714572267
FAR_W_NUM: 0.7806561100077417
POD_T_NUM: 0.05227518418973527
FAR_T_NUM: 0.8909711661237508
FART_NUM: 0.005478039038618985
HR_NUM: 0.27224083775250885
FART_H_NUM: 0.005242542129824054
HR_H_NUM: 0.12075758206505442
FART_W_NUM: 0.005271425744202106
HR_W_NUM: 0.20347087411924236
FART_T_NUM: 0.0009183167401637064
HR_T_NUM: 0.09315581800323332
Cluster 2:
MAX_CAT: 4.0578512396694215
RAMP_UP: 1.9090909090909092
RAMP_DOWN: -0.09917355371900827
SEASON: 1.2727272727272727
REPORT_NUM: 213.96694214876032
TOR_NUM: 22.330578512396695
WIND_NUM: 94.7107438016529
HAIL_NUM: 96.92561983471074
TOR_F: 2.760330578512397
WINDSP_NUM: 76.84512396694215
HAILSZ_NUM: 3.4132231404958677
NEIGH_NUM: 0.0012131561419382185
RMSE_NUM: 0.015664709887630024
BS_NUM: 0.0065414670959539
LAT_NUM: 36.452165027467814
LON_NUM: -97.31174844308681
PPH_D_NUM: 58.078020933875244
POD_NUM: 0.21250709666857567
FAR_NUM: 0.7176955549612818
POD_H_NUM: 0.21514836436906812
FAR_H_NUM: 0.8148684182362007
POD_W_NUM: 0.17185416905939027
FAR_W_NUM: 0.8286744132703766
POD_T_NUM: 0.0576424886374307
FAR_T_NUM: 0.9148897742191365
FART_NUM: 0.00472889179169223
HR_NUM: 0.2823044450387182
FART_H_NUM: 0.0050105909035422095
HR_H_NUM: 0.1768671189538818
FART_W_NUM: 0.0044648559202644985
HR_W_NUM: 0.1713255867296233
FART_T_NUM: 0.0009292455881279835
HR_T_NUM: 0.08511022578086354