
Cluster 0:
MAX_CAT: 4.066265060240964
RAMP_UP: 1.855421686746988
RAMP_DOWN: -0.14457831325301204
SEASON: 1.2650602409638554
REPORT_NUM: 276.06626506024094
TOR_NUM: 31.0
WIND_NUM: 171.51807228915663
HAIL_NUM: 73.54819277108433
TOR_F: 2.9578313253012047
WINDSP_NUM: 78.12048192771084
HAILSZ_NUM: 2.787710843373494
NEIGH_NUM: 0.0018492730765045297
RMSE_NUM: 0.018182414265361227
BS_NUM: 0.007345072797393047
LAT_NUM: 36.00377182788159
LON_NUM: -85.34575391102986
PPH_D_NUM: 68.34729870499731
Cluster 1:
MAX_CAT: 4.063492063492063
RAMP_UP: 1.8888888888888888
RAMP_DOWN: -0.031746031746031744
SEASON: 1.6984126984126984
REPORT_NUM: 222.9206349206349
TOR_NUM: 24.571428571428573
WIND_NUM: 130.31746031746033
HAIL_NUM: 68.03174603174604
TOR_F: 2.7936507936507935
WINDSP_NUM: 79.0
HAILSZ_NUM: 3.2920634920634924
NEIGH_NUM: 0.0013677004859322277
RMSE_NUM: 0.017970773611809692
BS_NUM: 0.007162557800622315
LAT_NUM: 43.43747142004588
LON_NUM: -94.9844457232763
PPH_D_NUM: 61.50507283193121
Cluster 2:
MAX_CAT: 4.0578512396694215
RAMP_UP: 1.9090909090909092
RAMP_DOWN: -0.09917355371900827
SEASON: 1.2727272727272727
REPORT_NUM: 213.96694214876032
TOR_NUM: 22.330578512396695
WIND_NUM: 94.7107438016529
HAIL_NUM: 96.92561983471074
TOR_F: 2.760330578512397
WINDSP_NUM: 76.84512396694215
HAILSZ_NUM: 3.4132231404958677
NEIGH_NUM: 0.0012131561419382185
RMSE_NUM: 0.015664709887630024
BS_NUM: 0.0065414670959539
LAT_NUM: 36.452165027467814
LON_NUM: -97.31174844308681
PPH_D_NUM: 58.078020933875244