
Cluster 0:
MAX_CAT: 4.064516129032258
RAMP_UP: 1.903225806451613
RAMP_DOWN: -0.09032258064516129
SEASON: 1.2129032258064516
REPORT_NUM: 249.3548387096774
TOR_NUM: 29.90967741935484
WIND_NUM: 141.98709677419356
HAIL_NUM: 77.45806451612903
TOR_F: 2.890322580645161
WINDSP_NUM: 78.4
HAILSZ_NUM: 3.0107096774193547
NEIGH_NUM: 0.001606756223634569
RMSE_NUM: 0.01723913233190884
BS_NUM: 0.0069373689799621125
LAT_NUM: 37.75718060155069
LON_NUM: -90.19926428025768
PPH_D_NUM: 63.792017750638784
POD_NUM: 0.2206865601848185
FAR_NUM: 0.678411466652711
POD_H_NUM: 0.1870536686059728
FAR_H_NUM: 0.8428312193243847
POD_W_NUM: 0.20028270262583314
FAR_W_NUM: 0.7579805320477755
POD_T_NUM: 0.06228739941478614
FAR_T_NUM: 0.8903574247145406
FART_NUM: 0.004565027960414901
HR_NUM: 0.3151369204440633
FART_H_NUM: 0.004544301824670503
HR_H_NUM: 0.14426555486916376
FART_W_NUM: 0.004488971723846683
HR_W_NUM: 0.23556785504899871
FART_T_NUM: 0.0010251719296080792
HR_T_NUM: 0.10319096238223356
E_SH_NUM: 64674.11035540905
N_SH_NUM: 88712.72208429697
DIV_NUM: -0.02046515410794558
E_SH_W_NUM: 77521.37428378
N_SH_W_NUM: 80297.96799003192
DIV_W_NUM: -0.2388080731497218
E_SH_H_NUM: -50484.52053906861
N_SH_H_NUM: 83209.76501196144
DIV_H_NUM: -0.6391320469461474
E_SH_T_NUM: 50969.10718861238
N_SH_T_NUM: 79051.70127319534
DIV_T_NUM: 0.18538426651199585
Cluster 1:
MAX_CAT: 4.061538461538461
RAMP_UP: 1.8615384615384616
RAMP_DOWN: -0.12307692307692308
SEASON: 1.4512820512820512
REPORT_NUM: 241.5948717948718
TOR_NUM: 24.41025641025641
WIND_NUM: 134.02051282051283
HAIL_NUM: 83.16410256410256
TOR_F: 2.835897435897436
WINDSP_NUM: 77.39107692307692
HAILSZ_NUM: 3.1615384615384614
NEIGH_NUM: 0.0014917391785879408
RMSE_NUM: 0.017301558413083777
BS_NUM: 0.007111531038578185
LAT_NUM: 37.28992716909992
LON_NUM: -92.02692732292782
PPH_D_NUM: 63.38537925687751
POD_NUM: 0.21502475275221042
FAR_NUM: 0.6852825808631968
POD_H_NUM: 0.1854069510647003
FAR_H_NUM: 0.824959679075621
POD_W_NUM: 0.19385263878842401
FAR_W_NUM: 0.7690460229428573
POD_T_NUM: 0.06052401549716956
FAR_T_NUM: 0.8918307227374227
FART_NUM: 0.004870491021405046
HR_NUM: 0.29933280375218774
FART_H_NUM: 0.004882576001145786
HR_H_NUM: 0.1442710901551482
FART_W_NUM: 0.004738185913351115
HR_W_NUM: 0.21556936167252733
FART_T_NUM: 0.0009806470809826024
HR_T_NUM: 0.09278466187796186
E_SH_NUM: -21532.99567196048
N_SH_NUM: -83808.84189383834
DIV_NUM: -0.01655537012988464
E_SH_W_NUM: -7248.6702181138835
N_SH_W_NUM: -83498.94021102427
DIV_W_NUM: -0.18149667790692264
E_SH_H_NUM: -87590.46219851775
N_SH_H_NUM: -36357.558130924655
DIV_H_NUM: -0.698298023526317
E_SH_T_NUM: 5033.096616585537
N_SH_T_NUM: -52314.00480799599
DIV_T_NUM: 0.04564476575357362