MAX_CAT: SLGT
RAMP_UP: 0
RAMP_DOWN: 0
RAMP_CAT: neither
SEASON: Summer
PPH_CAT: SLGT
PPH_NUM: 17.486029512705205
REPORT_NUM: 22
TOR_NUM: 3
WIND_NUM: 15
HAIL_NUM: 4
TOR_F: (E)F1
WINDSP_CAT: severe
WINDSP_NUM: 61.0
HAILSZ_CAT: severe
HAILSZ_NUM: 1.0
NEIGH_NUM: 0.00043204499586435065
RMSE_NUM: 0.01570015778890606
BS_NUM: 0.0027187758478081055
REGION_M: Midwest
LAT_NUM: 38.93932342529297
LON_NUM: -84.05889892578125
PPH_D_CAT: MRGL
PPH_D_NUM: 12.766010351575844
POD_NUM: 0.02439986254854442
FAR_NUM: 0.990215593965496
POD_H_NUM: 0.04864191343554162
FAR_H_NUM: 0.9975618088503487
POD_W_NUM: 0.022136636702984082
FAR_W_NUM: 0.9933423649013582
POD_T_NUM: 0.0
FAR_T_NUM: 1.0
E_SH_NUM: 187599.32065454047
N_SH_NUM: 66031.53120678748
DIV_NUM: -0.18240583193634885
E_SH_W_NUM: 217075.15900361305
N_SH_W_NUM: 182629.1151875771
DIV_W_NUM: -1.0099124640810917
E_SH_H_NUM: 175346.1690879955
N_SH_H_NUM: 143863.6113285952
DIV_H_NUM: -1.3783586595496593
E_SH_T_NUM: 1037.3983693143964
N_SH_T_NUM: -631.5002112712046
DIV_T_NUM: -0.006740278541757209
PC_W_NUM: 0.99150227945093
PC_H_NUM: 0.9931008383215454
PC_T_NUM: 0.999609594706369
PC_NUM: 0.9908818520432677
POFD_W_NUM: 0.00656959395981505
POFD_H_NUM: 0.006586582189827722
POFD_T_NUM: 5.957305973854047e-05
POFD_NUM: 0.006553259611747105
DFR_W_NUM: 0.001954065770688946
DFR_H_NUM: 0.0003168500396544466
DFR_T_NUM: 0.000330871648270203
DFR_NUM: 0.0025993908842855728
CSI_W_NUM: 0.005144629246609904
CSI_H_NUM: 0.002327213056399861
CSI_T_NUM: 0.0
CSI_NUM: 0.00703297781482162
Bias_W_NUM: 3.325
Bias_H_NUM: 19.95
Bias_T_NUM: 0.18000000000000002
Bias_NUM: 2.49375
ETS_W_NUM: 0.005134031314861866
ETS_H_NUM: 0.002248442392132493
ETS_T_NUM: -1.26173943398369e-05
ETS_NUM: 0.00702559832147421
TSS_W_NUM: 0.015567042743169031
TSS_H_NUM: 0.0420553312457139
TSS_T_NUM: -5.957305973854047e-05
TSS_NUM: 0.017846602936797316
