MAX_CAT: HIGH
RAMP_UP: 3
RAMP_DOWN: 0
RAMP_CAT: up
SEASON: Spring
PPH_CAT: HIGH
PPH_NUM: 85.32574835435882
REPORT_NUM: 592
TOR_NUM: 65
WIND_NUM: 310
HAIL_NUM: 217
TOR_F: (E)F2
WINDSP_CAT: sig_severe
WINDSP_NUM: 90.0
HAILSZ_CAT: sig_severe
HAILSZ_NUM: 2.85
NEIGH_NUM: 0.00357055947063689
RMSE_NUM: 0.03441682156288373
BS_NUM: 0.014146401985111662
REGION_M: Great Plains
LAT_NUM: 35.69744873046875
LON_NUM: -97.65206146240234
PPH_D_CAT: HIGH
PPH_D_NUM: 70.41182399403401
POD_NUM: 0.12080910118817711
FAR_NUM: 0.5446136684183976
POD_H_NUM: 0.14293499455392436
FAR_H_NUM: 0.7017407818296924
POD_W_NUM: 0.10722520442730603
FAR_W_NUM: 0.6845274977180087
POD_T_NUM: 0.07723761918350977
FAR_T_NUM: 0.8029173751089057
E_SH_NUM: 41142.184061775144
N_SH_NUM: -116586.94108746594
DIV_NUM: 0.6016310613581185
E_SH_W_NUM: 115544.80340606064
N_SH_W_NUM: -16132.284387753689
DIV_W_NUM: 0.15906782659648125
E_SH_H_NUM: -45033.06836449154
N_SH_H_NUM: -142669.32971533894
DIV_H_NUM: 0.4763964993039626
E_SH_T_NUM: 127299.50913195586
N_SH_T_NUM: -114340.43904203534
DIV_T_NUM: 0.9890031696881384
PC_W_NUM: 0.9834302872436825
PC_H_NUM: 0.9871681636545923
PC_T_NUM: 0.9957012373872138
PC_NUM: 0.979509644745664
POFD_W_NUM: 0.0034766549372011028
POFD_H_NUM: 0.0036553888551830974
POFD_T_NUM: 0.0010969472106816557
POFD_NUM: 0.002951063260673627
DFR_W_NUM: 0.013210350688884789
DFR_H_NUM: 0.009263487674949479
DFR_T_NUM: 0.00320999640488975
DFR_NUM: 0.017692311323359872
CSI_W_NUM: 0.08698667315062143
CSI_H_NUM: 0.10696359089251042
CSI_T_NUM: 0.058750703256821565
CSI_NUM: 0.10555805678177407
Bias_W_NUM: 0.3398876404494382
Bias_H_NUM: 0.47923076923076924
Bias_T_NUM: 0.39190476190476187
Bias_NUM: 0.2652892561983471
ETS_W_NUM: 0.0869862052191683
ETS_H_NUM: 0.10696277580920281
ETS_T_NUM: 0.058748492938537206
ETS_NUM: 0.10555777332814992
TSS_W_NUM: 0.10374854949010494
TSS_H_NUM: 0.13927960569874126
TSS_T_NUM: 0.07614067197282812
TSS_NUM: 0.11785803792750348
