MAX_CAT: MDT
RAMP_UP: 2
RAMP_DOWN: 0
RAMP_CAT: up
SEASON: Spring
PPH_CAT: HIGH
PPH_NUM: 81.14996474054142
REPORT_NUM: 248
TOR_NUM: 74
WIND_NUM: 24
HAIL_NUM: 150
TOR_F: (E)F3
WINDSP_CAT: sig_severe
WINDSP_NUM: 80.0
HAILSZ_CAT: sig_severe
HAILSZ_NUM: 4.5
NEIGH_NUM: 0.0014299884201819685
RMSE_NUM: 0.01802755968282282
BS_NUM: 0.007592224979321753
REGION_M: Great Plains
LAT_NUM: 35.6038818359375
LON_NUM: -101.18406677246094
PPH_D_CAT: MDT
PPH_D_NUM: 57.608501830832324
POD_NUM: 0.1476093494281412
FAR_NUM: 0.8537250341924568
POD_H_NUM: 0.1473925354045817
FAR_H_NUM: 0.8554358927801544
POD_W_NUM: 0.13907919141074496
FAR_W_NUM: 0.9476489869219279
POD_T_NUM: 0.038373855737472894
FAR_T_NUM: 0.8860776157793774
E_SH_NUM: -135038.3623226078
N_SH_NUM: -158074.30452089457
DIV_NUM: -0.14538554863386144
E_SH_W_NUM: -126291.86294472375
N_SH_W_NUM: -172470.11225960744
DIV_W_NUM: -1.1976755989956178
E_SH_H_NUM: -124506.69402890195
N_SH_H_NUM: -150692.40350879898
DIV_H_NUM: -0.161185438675098
E_SH_T_NUM: -132252.370762342
N_SH_T_NUM: 33837.07989118017
DIV_T_NUM: 0.15900474366585512
PC_W_NUM: 0.9916166047547266
PC_H_NUM: 0.9868751221269183
PC_T_NUM: 0.9960394055447518
PC_NUM: 0.9864295768559526
POFD_W_NUM: 0.006262655411084382
POFD_H_NUM: 0.006687771857207743
POFD_T_NUM: 0.0009410714804161989
POFD_NUM: 0.006875767836018842
DFR_W_NUM: 0.0021504562132234548
DFR_H_NUM: 0.006538727825709682
DFR_T_NUM: 0.003025684221671913
DFR_NUM: 0.006803456693559961
CSI_W_NUM: 0.039538232492889555
CSI_H_NUM: 0.07872806649874352
CSI_T_NUM: 0.02955317217151086
CSI_NUM: 0.07929535962233247
Bias_W_NUM: 2.656666666666666
Bias_H_NUM: 1.0195652173913043
Bias_T_NUM: 0.3368421052631579
Bias_NUM: 1.0091224333106568
ETS_W_NUM: 0.03953023252405033
ETS_H_NUM: 0.07872626221988055
ETS_T_NUM: 0.029550980286039814
ETS_NUM: 0.07929363458166296
TSS_W_NUM: 0.1328165359996606
TSS_H_NUM: 0.140704763547374
TSS_T_NUM: 0.03743278425705669
TSS_NUM: 0.14073358159212235
