MAX_CAT: MDT
RAMP_UP: 2
RAMP_DOWN: 0
RAMP_CAT: up
SEASON: Spring
PPH_CAT: HIGH
PPH_NUM: 64.22059992475408
REPORT_NUM: 248
TOR_NUM: 74
WIND_NUM: 24
HAIL_NUM: 150
TOR_F: (E)F3
WINDSP_CAT: sig_severe
WINDSP_NUM: 80.0
HAILSZ_CAT: sig_severe
HAILSZ_NUM: 4.5
NEIGH_NUM: 0.0014299884201819685
RMSE_NUM: 0.01802755968282282
BS_NUM: 0.007592224979321753
REGION_M: Great Plains
LAT_NUM: 34.131229400634766
LON_NUM: -101.97515106201172
PPH_D_CAT: MDT
PPH_D_NUM: 57.608501830832324
POD_NUM: 0.15842268258856365
FAR_NUM: 0.8196015001579503
POD_H_NUM: 0.1473925354045817
FAR_H_NUM: 0.8554358927801544
POD_W_NUM: 0.13907919141074496
FAR_W_NUM: 0.9476489869219279
POD_T_NUM: 0.038373855737472894
FAR_T_NUM: 0.8860776157793774
E_SH_NUM: -140945.83306246714
N_SH_NUM: -74945.41933629723
DIV_NUM: -0.045595449085262876
E_SH_W_NUM: -126291.86294472375
N_SH_W_NUM: -172470.11225960744
DIV_W_NUM: -1.1976755989956178
E_SH_H_NUM: -124506.69402890195
N_SH_H_NUM: -150692.40350879898
DIV_H_NUM: -0.161185438675098
E_SH_T_NUM: -132252.370762342
N_SH_T_NUM: 33837.07989118017
DIV_T_NUM: 0.15900474366585512
PC_W_NUM: 0.9916166047547266
PC_H_NUM: 0.9868751221269183
PC_T_NUM: 0.9960394055447518
PC_NUM: 0.985794291990859
POFD_W_NUM: 0.006262655411084382
POFD_H_NUM: 0.006687771857207743
POFD_T_NUM: 0.0009410714804161989
POFD_NUM: 0.006608806754195159
DFR_W_NUM: 0.0021504562132234548
DFR_H_NUM: 0.006538727825709682
DFR_T_NUM: 0.003025684221671913
DFR_NUM: 0.007718704030154753
CSI_W_NUM: 0.039538232492889555
CSI_H_NUM: 0.07872806649874352
CSI_T_NUM: 0.02955317217151086
CSI_NUM: 0.09211911093230715
Bias_W_NUM: 2.656666666666666
Bias_H_NUM: 1.0195652173913043
Bias_T_NUM: 0.3368421052631579
Bias_NUM: 0.8781818181818182
ETS_W_NUM: 0.03953023252405033
ETS_H_NUM: 0.07872626221988055
ETS_T_NUM: 0.029550980286039814
ETS_NUM: 0.09211771653234373
TSS_W_NUM: 0.1328165359996606
TSS_H_NUM: 0.140704763547374
TSS_T_NUM: 0.03743278425705669
TSS_NUM: 0.15181387583436848
