MAX_CAT: MDT
RAMP_UP: 2
RAMP_DOWN: 0
RAMP_CAT: up
SEASON: Summer
REGION: Midwest
PPH_CAT: HIGH
PPH_NUM: 61.13247468591858
REPORT_NUM: 114
TOR_NUM: 3
WIND_NUM: 73
HAIL_NUM: 38
TOR_F: (E)F0
WINDSP_CAT: sig_severe
WINDSP_NUM: 80.0
HAILSZ_CAT: sig_severe
HAILSZ_NUM: 2.0
NEIGH_NUM: 0.0016092638544251447
RMSE_NUM: 0.022252475710977493
BS_NUM: 0.006947890818858561
