MAX_CAT: HIGH
RAMP_UP: 1
RAMP_DOWN: 0
RAMP_CAT: up
SEASON: Spring
PPH_CAT: HIGH
PPH_NUM: 82.7523714943528
REPORT_NUM: 229
TOR_NUM: 59
WIND_NUM: 74
HAIL_NUM: 96
TOR_F: (E)F3
WINDSP_CAT: sig_severe
WINDSP_NUM: 87.0
HAILSZ_CAT: sig_severe
HAILSZ_NUM: 5.5
NEIGH_NUM: 0.0007766947890818862
RMSE_NUM: 0.011937042968143815
BS_NUM: 0.004803143093465674
REGION_M: Great Plains
LAT_NUM: 34.91604995727539
LON_NUM: -100.2673568725586
PPH_D_CAT: HIGH
PPH_D_NUM: 65.58599841406995
POD_NUM: 0.2431629136363278
FAR_NUM: 0.711929954440618
POD_H_NUM: 0.314905294978362
FAR_H_NUM: 0.7561481026869826
POD_W_NUM: 0.22169661387949158
FAR_W_NUM: 0.7644473477530402
POD_T_NUM: 0.11175077178739672
FAR_T_NUM: 0.8560785514859285
E_SH_NUM: 62775.30570090306
N_SH_NUM: 49031.655540505984
DIV_NUM: 0.22508226141318058
E_SH_W_NUM: 124271.91019147434
N_SH_W_NUM: 77197.7891550062
DIV_W_NUM: 0.2770769982686033
E_SH_H_NUM: -111410.28525947378
N_SH_H_NUM: -12391.635512409535
DIV_H_NUM: -0.5317905979735829
E_SH_T_NUM: 234027.0704364631
N_SH_T_NUM: 117225.71785891923
DIV_T_NUM: 0.10343358179692255
PC_W_NUM: 0.9915757435473622
PC_H_NUM: 0.9920288680080637
PC_T_NUM: 0.995632675970351
PC_NUM: 0.990021469559031
POFD_W_NUM: 0.004069591603409963
POFD_H_NUM: 0.004707072215031167
POFD_T_NUM: 0.0018746245652976538
POFD_NUM: 0.004449136188168195
DFR_W_NUM: 0.004400850678213419
DFR_H_NUM: 0.003307129602854325
DFR_T_NUM: 0.002503437925596714
DFR_NUM: 0.00559681119003486
CSI_W_NUM: 0.12893237045756445
CSI_H_NUM: 0.15932680750167827
CSI_T_NUM: 0.06712887699375464
CSI_NUM: 0.15188687935933257
Bias_W_NUM: 0.9411764705882353
Bias_H_NUM: 1.291379310344828
Bias_T_NUM: 0.776470588235294
Bias_NUM: 0.8441103731009159
ETS_W_NUM: 0.12893005065097363
ETS_H_NUM: 0.1593236742359426
ETS_T_NUM: 0.06712464288260177
ETS_NUM: 0.15188521422813817
TSS_W_NUM: 0.2176270222760816
TSS_H_NUM: 0.31019822276333087
TSS_T_NUM: 0.10987614722209907
TSS_NUM: 0.23871377744815964
