MAX_CAT: HIGH
RAMP_UP: 1
RAMP_DOWN: 0
RAMP_CAT: up
SEASON: Spring
REGION: Great Plains
PPH_CAT: HIGH
PPH_NUM: 82.7523714943528
REPORT_NUM: 229
TOR_NUM: 59
WIND_NUM: 74
HAIL_NUM: 96
TOR_F: (E)F3
WINDSP_CAT: sig_severe
WINDSP_NUM: 87.0
HAILSZ_CAT: sig_severe
HAILSZ_NUM: 5.5
NEIGH_NUM: 0.0007149181141439207
RMSE_NUM: 0.010912590316108865
BS_NUM: 0.00473697270471464
