MAX_CAT: HIGH
RAMP_UP: 1
RAMP_DOWN: 0
RAMP_CAT: up
SEASON: Spring
PPH_CAT: HIGH
PPH_NUM: 77.36393012968026
REPORT_NUM: 229
TOR_NUM: 59
WIND_NUM: 74
HAIL_NUM: 96
TOR_F: (E)F3
WINDSP_CAT: sig_severe
WINDSP_NUM: 87.0
HAILSZ_CAT: sig_severe
HAILSZ_NUM: 5.5
NEIGH_NUM: 0.0007766947890818862
RMSE_NUM: 0.011987773530904026
BS_NUM: 0.004803143093465674
REGION_M: Great Plains
LAT_NUM: 34.91604995727539
LON_NUM: -100.2673568725586
PPH_D_CAT: HIGH
PPH_D_NUM: 65.58599841406995
POD_NUM: 0.2552139933177985
FAR_NUM: 0.6461032625993194
POD_H_NUM: 0.314905294978362
FAR_H_NUM: 0.7561481026869826
POD_W_NUM: 0.22169661387949158
FAR_W_NUM: 0.7644473477530402
POD_T_NUM: 0.11241762866420879
FAR_T_NUM: 0.8637362076797469
E_SH_NUM: 79797.99540887469
N_SH_NUM: 56357.006272830346
DIV_NUM: 0.26502963360647364
E_SH_W_NUM: 124271.91019147434
N_SH_W_NUM: 77197.7891550062
DIV_W_NUM: 0.2770769982686033
E_SH_H_NUM: -111410.28525947378
N_SH_H_NUM: -12391.635512409535
DIV_H_NUM: -0.5317905979735829
E_SH_T_NUM: 232184.0826711821
N_SH_T_NUM: 128329.66874346267
DIV_T_NUM: 0.0821215955173598
PC_W_NUM: 0.9915757435473622
PC_H_NUM: 0.9920288680080637
PC_T_NUM: 0.995764659076469
PC_NUM: 0.989585153896617
POFD_W_NUM: 0.004069591603409963
POFD_H_NUM: 0.004707072215031167
POFD_T_NUM: 0.0018910794396040237
POFD_NUM: 0.004042862063653341
DFR_W_NUM: 0.004400850678213419
DFR_H_NUM: 0.003307129602854325
DFR_T_NUM: 0.0023544079613668657
DFR_NUM: 0.006446753615892547
CSI_W_NUM: 0.12893237045756445
CSI_H_NUM: 0.15932680750167827
CSI_T_NUM: 0.06564217321501713
CSI_NUM: 0.17409581492996076
Bias_W_NUM: 0.9411764705882353
Bias_H_NUM: 1.291379310344828
Bias_T_NUM: 0.825
Bias_NUM: 0.721153846153846
ETS_W_NUM: 0.12893005065097363
ETS_H_NUM: 0.1593236742359426
ETS_T_NUM: 0.06563751948073511
ETS_NUM: 0.17409452239449036
TSS_W_NUM: 0.2176270222760816
TSS_H_NUM: 0.31019822276333087
TSS_T_NUM: 0.11052654922460478
TSS_NUM: 0.2511711312541451
