MAX_CAT: MDT
RAMP_UP: 4
RAMP_DOWN: -2
RAMP_CAT: both
SEASON: Fall
PPH_CAT: MDT
PPH_NUM: 49.62046403428446
REPORT_NUM: 47
TOR_NUM: 1
WIND_NUM: 21
HAIL_NUM: 25
TOR_F: (E)F0
WINDSP_CAT: severe
WINDSP_NUM: 62.0
HAILSZ_CAT: sig_severe
HAILSZ_NUM: 2.75
NEIGH_NUM: 0.00038615913978494616
RMSE_NUM: 0.010600419849593435
BS_NUM: 0.002523159636062862
REGION_M: Great Plains
LAT_NUM: 34.94167709350586
LON_NUM: -99.39021301269531
PPH_D_CAT: MDT
PPH_D_NUM: 46.421542585307506
POD_NUM: 0.19506424259470057
FAR_NUM: 0.8706041508492866
POD_H_NUM: 0.2077042297501029
FAR_H_NUM: 0.8966645623133817
POD_W_NUM: 0.16313560041119937
FAR_W_NUM: 0.9341470970817177
POD_T_NUM: 0.03684510241184791
FAR_T_NUM: 0.9775334741391172
E_SH_NUM: -309016.8217251067
N_SH_NUM: 24375.17438222657
DIV_NUM: -0.16054238279228086
E_SH_W_NUM: -404350.92429718253
N_SH_W_NUM: -81428.10365237623
DIV_W_NUM: -0.4279134497627481
E_SH_H_NUM: -344484.1950583776
N_SH_H_NUM: -6679.507199971605
DIV_H_NUM: -0.3091196249641484
E_SH_T_NUM: -72975.62660135959
N_SH_T_NUM: -32423.688415937915
DIV_T_NUM: -0.08230912737497244
PC_W_NUM: 0.9942661676110913
PC_H_NUM: 0.9935618075918119
PC_T_NUM: 0.9995754657079939
PC_NUM: 0.9929946351867308
POFD_W_NUM: 0.0042186788855612875
POFD_H_NUM: 0.004483322811566908
POFD_T_NUM: 0.000265247335802143
POFD_NUM: 0.004356633219602653
DFR_W_NUM: 0.0015297259599479551
DFR_H_NUM: 0.00197584919885757
DFR_T_NUM: 0.00015937407296407163
DFR_NUM: 0.002676494866556271
CSI_W_NUM: 0.04922415523756195
CSI_H_NUM: 0.07411931030091827
CSI_T_NUM: 0.014154018435854603
CSI_NUM: 0.08435444832144229
Bias_W_NUM: 2.477272727272727
Bias_H_NUM: 2.01
Bias_T_NUM: 1.6400000000000001
Bias_NUM: 1.5075
ETS_W_NUM: 0.049213467214585395
ETS_H_NUM: 0.07411198622253055
ETS_T_NUM: 0.014051263695426258
ETS_NUM: 0.08434951100372172
TSS_W_NUM: 0.1589169215256381
TSS_H_NUM: 0.20322090693853595
TSS_T_NUM: 0.03657985507604576
TSS_NUM: 0.1907076093750979
