MAX_CAT: MDT
RAMP_UP: 4
RAMP_DOWN: -2
RAMP_CAT: both
SEASON: Fall
REGION: Great Plains
PPH_CAT: HIGH
PPH_NUM: 66.73095847726229
REPORT_NUM: 47
TOR_NUM: 1
WIND_NUM: 21
HAIL_NUM: 25
TOR_F: (E)F0
WINDSP_CAT: severe
WINDSP_NUM: 62.0
HAILSZ_CAT: sig_severe
HAILSZ_NUM: 2.75
NEIGH_NUM: 0.00038253300248138945
RMSE_NUM: 0.012440219208385832
BS_NUM: 0.002225392886683209
