MAX_CAT: SLGT
RAMP_UP: 0
RAMP_DOWN: 0
RAMP_CAT: neither
SEASON: Fall
REGION: Great Plains
PPH_CAT: SLGT
PPH_NUM: 18.22743985650449
REPORT_NUM: 17
TOR_NUM: 0
WIND_NUM: 1
HAIL_NUM: 16
TOR_F: NONE
WINDSP_CAT: severe
WINDSP_NUM: 51.0
HAILSZ_CAT: severe
HAILSZ_NUM: 1.75
NEIGH_NUM: 1.1687675765095123e-05
RMSE_NUM: 0.0015680644435346661
BS_NUM: 0.0004594706368899917
