MAX_CAT: SLGT
RAMP_UP: 2
RAMP_DOWN: 0
RAMP_CAT: up
SEASON: Fall
PPH_CAT: SLGT
PPH_NUM: 29.4787205664846
REPORT_NUM: 24
TOR_NUM: 17
WIND_NUM: 7
HAIL_NUM: 0
TOR_F: (E)F1
WINDSP_CAT: severe
WINDSP_NUM: 56.0
HAILSZ_CAT: NONE
HAILSZ_NUM: 0.0
NEIGH_NUM: 0.00010970785773366419
RMSE_NUM: 0.004332717222446141
BS_NUM: 0.0012225641025641026
REGION_M: South
LAT_NUM: 33.61046600341797
LON_NUM: -80.2248306274414
PPH_D_CAT: SLGT
PPH_D_NUM: 29.4787205664846
POD_NUM: 0.034576402309765726
FAR_NUM: 0.8680289988176881
POD_H_NUM: 0.0
FAR_H_NUM: 1.0
POD_W_NUM: 0.038765902746438055
FAR_W_NUM: 0.9403601496208644
POD_T_NUM: 0.029184435416097453
FAR_T_NUM: 0.8433050447457855
E_SH_NUM: 23120.091553472776
N_SH_NUM: 91.9231431048828
DIV_NUM: -0.021942631032705377
E_SH_W_NUM: -17098.263040751222
N_SH_W_NUM: 15922.997882809059
DIV_W_NUM: -0.028833360339586535
E_SH_H_NUM: 2.4454775444665167
N_SH_H_NUM: -6.552573291444617
DIV_H_NUM: -0.0017799261840991689
E_SH_T_NUM: 25490.547995067984
N_SH_T_NUM: -13349.479599741813
DIV_T_NUM: -0.14090525504317283
PC_W_NUM: 0.9989594916827083
PC_H_NUM: 0.9999669148056245
PC_T_NUM: 0.9985073533443602
PC_NUM: 0.9980267209340272
POFD_W_NUM: 0.0004047237856338765
POFD_H_NUM: 3.3085194375516956e-05
POFD_T_NUM: 0.0002081372397997715
POFD_NUM: 0.0003768410897932631
DFR_W_NUM: 0.0006363260275741838
DFR_H_NUM: 0.0
DFR_T_NUM: 0.001285101624167284
DFR_NUM: 0.0015977538613762032
CSI_W_NUM: 0.024059758176987866
CSI_H_NUM: 0.0
CSI_T_NUM: 0.025222801809500397
CSI_NUM: 0.028169901878073392
Bias_W_NUM: 0.65
Bias_H_NUM: inf
Bias_T_NUM: 0.18625
Bias_NUM: 0.26199999999999996
ETS_W_NUM: 0.024043475384505148
ETS_H_NUM: nan
ETS_T_NUM: 0.0252195572269533
ETS_NUM: 0.028166470232739663
TSS_W_NUM: 0.038361178960804175
TSS_H_NUM: 0.0
TSS_T_NUM: 0.028976298176297675
TSS_NUM: 0.03419956121997245
