MAX_CAT: MDT
RAMP_UP: 0
RAMP_DOWN: 0
RAMP_CAT: neither
SEASON: Spring
REGION: Midwest
PPH_CAT: HIGH
PPH_NUM: 92.78707845462064
REPORT_NUM: 469
TOR_NUM: 76
WIND_NUM: 231
HAIL_NUM: 162
TOR_F: (E)F3
WINDSP_CAT: sig_severe
WINDSP_NUM: 80.0
HAILSZ_CAT: sig_severe
HAILSZ_NUM: 3.0
NEIGH_NUM: 0.01013492142266336
RMSE_NUM: 0.044483774500015595
BS_NUM: 0.02001654259718776
