
Cluster 0:
MAX_CAT: 4.11340206185567
RAMP_UP: 1.8505154639175259
RAMP_DOWN: -0.010309278350515122
SEASON: 1.2525773195876289
REPORT_NUM: 343.58762886597947
TOR_NUM: 37.68556701030928
WIND_NUM: 196.48453608247425
HAIL_NUM: 109.41752577319589
TOR_F: 3.3350515463917523
WINDSP_NUM: 81.06164948453608
HAILSZ_NUM: 3.3848453608247433
NEIGH_NUM: 0.002111076661669779
RMSE_NUM: 0.020821669931883665
BS_NUM: 0.008743074876570054
LAT_NUM: 37.7586044036236
LON_NUM: -89.9770097634227
PPH_D_NUM: 73.23892305514806
Cluster 1:
MAX_CAT: 4.0
RAMP_UP: 1.916666666666667
RAMP_DOWN: -0.23076923076923034
SEASON: 1.4615384615384615
REPORT_NUM: 122.46794871794877
TOR_NUM: 13.365384615384613
WIND_NUM: 64.25641025641025
HAIL_NUM: 44.84615384615386
TOR_F: 2.269230769230769
WINDSP_NUM: 73.82884615384616
HAILSZ_NUM: 2.73397435897436
NEIGH_NUM: 0.0007346811493287526
RMSE_NUM: 0.012861957918024206
BS_NUM: 0.004653782634514644
LAT_NUM: 37.17134318533245
LON_NUM: -92.76023652119783
PPH_D_NUM: 51.53564508808591