
Cluster 0:
MAX_CAT: 4.241758241758242
RAMP_UP: 2.0000000000000004
RAMP_DOWN: -0.010989010989010867
SEASON: 1.5274725274725274
REPORT_NUM: 434.5054945054946
TOR_NUM: 42.08791208791209
WIND_NUM: 282.76923076923083
HAIL_NUM: 109.64835164835165
TOR_F: 3.021978021978022
WINDSP_NUM: 83.21934065934066
HAILSZ_NUM: 3.295054945054945
NEIGH_NUM: 0.0030332356326816285
RMSE_NUM: 0.02581369170614227
BS_NUM: 0.010744187640316673
LAT_NUM: 38.2798952794337
LON_NUM: -88.15745972015046
PPH_D_NUM: 80.40729900577307
Cluster 1:
MAX_CAT: 4.0
RAMP_UP: 1.837837837837838
RAMP_DOWN: -0.14285714285714243
SEASON: 1.2818532818532817
REPORT_NUM: 178.4594594594595
TOR_NUM: 21.490347490347485
WIND_NUM: 86.5250965250965
HAIL_NUM: 70.44401544401543
TOR_F: 2.8030888030888033
WINDSP_NUM: 75.94710424710425
HAILSZ_NUM: 3.024362934362934
NEIGH_NUM: 0.0010189649108647814
RMSE_NUM: 0.014273449639916065
BS_NUM: 0.005730963973544618
LAT_NUM: 37.221730968287154
LON_NUM: -92.29269481419759
PPH_D_NUM: 57.648059833647785