
Cluster 0:
MAX_CAT: 4.0
RAMP_UP: 1.837837837837838
RAMP_DOWN: -0.14285714285714243
SEASON: 1.2818532818532817
REPORT_NUM: 178.4594594594595
TOR_NUM: 21.490347490347485
WIND_NUM: 86.5250965250965
HAIL_NUM: 70.44401544401543
TOR_F: 2.8030888030888033
WINDSP_NUM: 75.94710424710425
HAILSZ_NUM: 3.024362934362934
NEIGH_NUM: 0.0010189649108647814
RMSE_NUM: 0.014273449639916065
BS_NUM: 0.005730963973544618
LAT_NUM: 37.221730968287154
LON_NUM: -92.29269481419759
PPH_D_NUM: 57.648059833647785
Cluster 1:
MAX_CAT: 4.028169014084507
RAMP_UP: 1.8309859154929577
RAMP_DOWN: -0.0140845070422536
SEASON: 1.5492957746478873
REPORT_NUM: 453.4084507042254
TOR_NUM: 35.647887323943664
WIND_NUM: 313.5774647887324
HAIL_NUM: 104.1830985915493
TOR_F: 2.647887323943662
WINDSP_NUM: 83.57690140845071
HAILSZ_NUM: 3.140845070422535
NEIGH_NUM: 0.0033411665407099347
RMSE_NUM: 0.027735001415148598
BS_NUM: 0.011445434359673342
LAT_NUM: 38.514160478618784
LON_NUM: -87.14545290235063
PPH_D_NUM: 81.82545348307572
Cluster 2:
MAX_CAT: 5.0
RAMP_UP: 2.5999999999999996
RAMP_DOWN: 1.3877787807814457e-17
SEASON: 1.45
REPORT_NUM: 367.4
TOR_NUM: 64.95
WIND_NUM: 173.4
HAIL_NUM: 129.05
TOR_F: 4.35
WINDSP_NUM: 81.95
HAILSZ_NUM: 3.8425000000000002
NEIGH_NUM: 0.0019400809091811415
RMSE_NUM: 0.018993042239169804
BS_NUM: 0.008254761786600496
LAT_NUM: 37.44825382232666
LON_NUM: -91.75008392333984
PPH_D_NUM: 75.37285061134861