
Cluster 0:
MAX_CAT: 3.9999999999999996
RAMP_UP: 1.832618025751073
RAMP_DOWN: -0.15450643776823988
SEASON: 1.356223175965665
REPORT_NUM: 157.65665236051507
TOR_NUM: 16.729613733905577
WIND_NUM: 79.92274678111585
HAIL_NUM: 61.004291845493555
TOR_F: 2.545064377682403
WINDSP_NUM: 74.85536480686694
HAILSZ_NUM: 2.9330901287553646
NEIGH_NUM: 0.0008910991869987972
RMSE_NUM: 0.013906887251771777
BS_NUM: 0.0053974327025136945
LAT_NUM: 37.27307749775609
LON_NUM: -92.36348035178139
PPH_D_NUM: 55.563286085004854
Cluster 1:
MAX_CAT: 4.020618556701031
RAMP_UP: 1.845360824742268
RAMP_DOWN: -0.020618556701030785
SEASON: 1.2989690721649485
REPORT_NUM: 429.6804123711341
TOR_NUM: 43.28865979381444
WIND_NUM: 268.5773195876289
HAIL_NUM: 117.81443298969072
TOR_F: 3.309278350515464
WINDSP_NUM: 84.15422680412371
HAILSZ_NUM: 3.3288659793814435
NEIGH_NUM: 0.0028791969414272683
RMSE_NUM: 0.02500725595413389
BS_NUM: 0.010346921456771805
LAT_NUM: 38.044398533929254
LON_NUM: -88.35509475236087
PPH_D_NUM: 80.35267047842291
Cluster 2:
MAX_CAT: 5.0
RAMP_UP: 2.5999999999999996
RAMP_DOWN: 1.3877787807814457e-17
SEASON: 1.45
REPORT_NUM: 367.4
TOR_NUM: 64.95
WIND_NUM: 173.4
HAIL_NUM: 129.05
TOR_F: 4.35
WINDSP_NUM: 81.95
HAILSZ_NUM: 3.8425000000000002
NEIGH_NUM: 0.0018625458885028951
RMSE_NUM: 0.018993042239169804
BS_NUM: 0.008044670802315962
LAT_NUM: 37.44825382232666
LON_NUM: -91.75008392333984
PPH_D_NUM: 75.37285061134861