
Cluster 0:
MAX_CAT: 4.060518731988473
RAMP_UP: 1.8818443804034581
RAMP_DOWN: -0.10951008645533142
SEASON: 1.3487031700288183
REPORT_NUM: 239.5878962536023
TOR_NUM: 26.43227665706052
WIND_NUM: 132.89337175792508
HAIL_NUM: 80.26224783861672
TOR_F: 2.8530259365994235
WINDSP_NUM: 77.77308357348704
HAILSZ_NUM: 3.091959654178674
NEIGH_NUM: 0.0014610222222857865
RMSE_NUM: 0.017007814789275693
BS_NUM: 0.006920376093801771
LAT_NUM: 37.51004528215197
LON_NUM: -91.25884900983662
PPH_D_NUM: 63.28206096990806
Cluster 1:
MAX_CAT: 4.0
RAMP_UP: 2.0
RAMP_DOWN: 0.0
SEASON: 1.0
REPORT_NUM: 1236.0
TOR_NUM: 52.0
WIND_NUM: 1095.0
HAIL_NUM: 89.0
TOR_F: 3.0
WINDSP_NUM: 91.0
HAILSZ_NUM: 2.75
NEIGH_NUM: 0.014008496277915637
RMSE_NUM: 0.05755324054572914
BS_NUM: 0.02384449958643507
LAT_NUM: 33.999176025390625
LON_NUM: -85.4177017211914
PPH_D_NUM: 99.71694377929298
Cluster 2:
MAX_CAT: 4.5
RAMP_UP: 1.5
RAMP_DOWN: 0.0
SEASON: 1.0
REPORT_NUM: 694.0
TOR_NUM: 86.0
WIND_NUM: 466.5
HAIL_NUM: 141.5
TOR_F: 4.0
WINDSP_NUM: 82.5
HAILSZ_NUM: 3.75
NEIGH_NUM: 0.009476573538461541
RMSE_NUM: 0.04330221478640578
BS_NUM: 0.018412870140612075
LAT_NUM: 36.95695114135742
LON_NUM: -86.9492416381836
PPH_D_NUM: 94.65980305136796